 nbmag=          33
 thetain,bmagin=
  -3.1415926535897922        1.4290855185177038     
  -2.9488796197902727        1.4223854953013630     
  -2.7577463505067312        1.4024428139357989     
  -2.5692276976532158        1.3699289759341287     
  -2.3833834651184755        1.3264646470770771     
  -2.1990994705343123        1.2748241095992752     
  -2.0142246954006406        1.2184339125409505     
  -1.8260910001065647        1.1603482399431324     
  -1.6323308444381337        1.1026361910808813     
  -1.4317457808182761        1.0467075385774451     
  -1.2248901019879965       0.99397903896331730     
  -1.0140925927981517       0.94612036797092702     
 -0.80282587148459728       0.90483240833829659     
 -0.59457912976006577       0.87152624579481608     
 -0.39161459919507591       0.84717031281050359     
 -0.19409696346568772       0.83234379046773610     
   4.4408920985006262E-016  0.82736530019446020     
  0.19409696346568817       0.83234379046773610     
  0.39161459919507591       0.84717031281050359     
  0.59457912976006577       0.87152624579481608     
  0.80282587148459683       0.90483240833829659     
   1.0140925927981517       0.94612036797092713     
   1.2248901019879961       0.99397903896331730     
   1.4317457808182761        1.0467075385774451     
   1.6323308444381341        1.1026361910808813     
   1.8260910001065644        1.1603482399431324     
   2.0142246954006406        1.2184339125409505     
   2.1990994705343132        1.2748241095992752     
   2.3833834651184755        1.3264646470770771     
   2.5692276976532158        1.3699289759341287     
   2.7577463505067321        1.4024428139357989     
   2.9488796197902722        1.4223854953013630     
   3.1415926535897940        1.4290855185177038     
 alknob=   0.0000000000000000     
 epsknob=   1.0000000000000001E-005
 bpknob=   1.0000000000000000E-008
 extrknob=   0.0000000000000000     
 thetamax=   0.0000000000000000     
 deltaw,widthw=   0.0000000000000000        1.0000000000000000     
 tension=   1.0000000000000000     
 ntheta,nlambda=          32          17
#gg4init - input grid - thetain bmagin 
    1  -3.14159265358979223       1.42908551851770382    
    2  -2.94887961979027269       1.42238549530136305    
    3  -2.75774635050673123       1.40244281393579895    
    4  -2.56922769765321579       1.36992897593412866    
    5  -2.38338346511847554       1.32646464707707712    
    6  -2.19909947053431232       1.27482410959927517    
    7  -2.01422469540064064       1.21843391254095046    
    8  -1.82609100010656467       1.16034823994313241    
    9  -1.63233084443813370       1.10263619108088129    
   10  -1.43174578081827608       1.04670753857744514    
   11  -1.22489010198799653      0.993979038963317296    
   12  -1.01409259279815167      0.946120367970927023    
   13 -0.802825871484597275      0.904832408338296590    
   14 -0.594579129760065772      0.871526245794816079    
   15 -0.391614599195075908      0.847170312810503590    
   16 -0.194096963465687722      0.832343790467736100    
   17  0.444089209850062616E-15  0.827365300194460196    
   18  0.194096963465688166      0.832343790467736100    
   19  0.391614599195075908      0.847170312810503590    
   20  0.594579129760065772      0.871526245794816079    
   21  0.802825871484596831      0.904832408338296590    
   22   1.01409259279815167      0.946120367970927134    
   23   1.22489010198799608      0.993979038963317296    
   24   1.43174578081827608       1.04670753857744514    
   25   1.63233084443813414       1.10263619108088129    
   26   1.82609100010656444       1.16034823994313241    
   27   2.01422469540064064       1.21843391254095046    
   28   2.19909947053431321       1.27482410959927517    
   29   2.38338346511847554       1.32646464707707712    
   30   2.56922769765321579       1.36992897593412866    
   31   2.75774635050673211       1.40244281393579895    
   32   2.94887961979027224       1.42238549530136305    
   33   3.14159265358979400       1.42908551851770382    
#gg4start - starting grid - thetastart thetastart
    1  -3.14159265358979223      -3.14159265358979223    
    2  0.444089209850062616E-15  0.444089209850062616E-15
    3  -3.07735497565661920      -3.07735497565661920    
    4  -3.01311729772344572      -3.01311729772344572    
    5  -2.94887961979027269      -2.94887961979027269    
    6  -2.88516853002909235      -2.88516853002909235    
    7  -2.82145744026791157      -2.82145744026791157    
    8  -2.75774635050673123      -2.75774635050673123    
    9  -2.69490679955555956      -2.69490679955555956    
   10  -2.63206724860438745      -2.63206724860438745    
   11  -2.56922769765321579      -2.56922769765321579    
   12  -2.50727962014163586      -2.50727962014163586    
   13  -2.44533154263005548      -2.44533154263005548    
   14  -2.38338346511847554      -2.38338346511847554    
   15  -2.32195546692375432      -2.32195546692375432    
   16  -2.26052746872903354      -2.26052746872903354    
   17  -2.19909947053431232      -2.19909947053431232    
   18  -2.13747454548975524      -2.13747454548975524    
   19  -2.07584962044519772      -2.07584962044519772    
   20  -2.01422469540064064      -2.01422469540064064    
   21  -1.95151346363594858      -1.95151346363594858    
   22  -1.88880223187125673      -1.88880223187125673    
   23  -1.82609100010656467      -1.82609100010656467    
   24  -1.76150428155042094      -1.76150428155042094    
   25  -1.69691756299427743      -1.69691756299427743    
   26  -1.63233084443813370      -1.63233084443813370    
   27  -1.56546915656484775      -1.56546915656484775    
   28  -1.49860746869156203      -1.49860746869156203    
   29  -1.43174578081827608      -1.43174578081827608    
   30  -1.36279388787484956      -1.36279388787484956    
   31  -1.29384199493142305      -1.29384199493142305    
   32  -1.22489010198799653      -1.22489010198799653    
   33  -1.15462426559138165      -1.15462426559138165    
   34  -1.08435842919476655      -1.08435842919476655    
   35  -1.01409259279815167      -1.01409259279815167    
   36 -0.943670352360300169     -0.943670352360300169    
   37 -0.873248111922448778     -0.873248111922448778    
   38 -0.802825871484597275     -0.802825871484597275    
   39 -0.733410290909753404     -0.733410290909753404    
   40 -0.663994710334909644     -0.663994710334909644    
   41 -0.594579129760065772     -0.594579129760065772    
   42 -0.526924286238402484     -0.526924286238402484    
   43 -0.459269442716739196     -0.459269442716739196    
   44 -0.391614599195075908     -0.391614599195075908    
   45 -0.325775387285279827     -0.325775387285279827    
   46 -0.259936175375483747     -0.259936175375483747    
   47 -0.194096963465687722     -0.194096963465687722    
   48 -0.129397975643791685     -0.129397975643791685    
   49 -0.646989878218956205E-01 -0.646989878218956205E-01
   50  0.646989878218963560E-01  0.646989878218963560E-01
   51  0.129397975643792268      0.129397975643792268    
   52  0.194096963465688166      0.194096963465688166    
   53  0.259936175375484080      0.259936175375484080    
   54  0.325775387285279994      0.325775387285279994    
   55  0.391614599195075908      0.391614599195075908    
   56  0.459269442716739196      0.459269442716739196    
   57  0.526924286238402484      0.526924286238402484    
   58  0.594579129760065772      0.594579129760065772    
   59  0.663994710334909422      0.663994710334909422    
   60  0.733410290909753182      0.733410290909753182    
   61  0.802825871484596831      0.802825871484596831    
   62  0.873248111922448444      0.873248111922448444    
   63  0.943670352360300058      0.943670352360300058    
   64   1.01409259279815167       1.01409259279815167    
   65   1.08435842919476655       1.08435842919476655    
   66   1.15462426559138120       1.15462426559138120    
   67   1.22489010198799608       1.22489010198799608    
   68   1.29384199493142282       1.29384199493142282    
   69   1.36279388787484934       1.36279388787484934    
   70   1.43174578081827608       1.43174578081827608    
   71   1.49860746869156203       1.49860746869156203    
   72   1.56546915656484820       1.56546915656484820    
   73   1.63233084443813414       1.63233084443813414    
   74   1.69691756299427765       1.69691756299427765    
   75   1.76150428155042094       1.76150428155042094    
   76   1.82609100010656444       1.82609100010656444    
   77   1.88880223187125651       1.88880223187125651    
   78   1.95151346363594858       1.95151346363594858    
   79   2.01422469540064064       2.01422469540064064    
   80   2.07584962044519816       2.07584962044519816    
   81   2.13747454548975568       2.13747454548975568    
   82   2.19909947053431321       2.19909947053431321    
   83   2.26052746872903398       2.26052746872903398    
   84   2.32195546692375476       2.32195546692375476    
   85   2.38338346511847554       2.38338346511847554    
   86   2.44533154263005548       2.44533154263005548    
   87   2.50727962014163586       2.50727962014163586    
   88   2.56922769765321579       2.56922769765321579    
   89   2.63206724860438790       2.63206724860438790    
   90   2.69490679955556001       2.69490679955556001    
   91   2.75774635050673211       2.75774635050673211    
   92   2.82145744026791201       2.82145744026791201    
   93   2.88516853002909235       2.88516853002909235    
   94   2.94887961979027224       2.94887961979027224    
   95   3.01311729772344616       3.01311729772344616    
   96   3.07735497565662008       3.07735497565662008    
#gg4start - starting field - bmagstart bmagstart
    1   1.42908551851770382       1.42908551851770382    
    2  0.827365300194460085      0.827365300194460085    
    3   1.42831651509890056       1.42831651509890056    
    4   1.42608459118389974       1.42608459118389974    
    5   1.42238549530136282       1.42238549530136282    
    6   1.41718659273018055       1.41718659273018055    
    7   1.41053891136436427       1.41053891136436427    
    8   1.40244281393579895       1.40244281393579895    
    9   1.39296950933694541       1.39296950933694541    
   10   1.38211879694189976       1.38211879694189976    
   11   1.36992897593412888       1.36992897593412888    
   12   1.35657972831795859       1.35657972831795859    
   13   1.34205623253967565       1.34205623253967565    
   14   1.32646464707707712       1.32646464707707712    
   15   1.31000532119503799       1.31000532119503799    
   16   1.29273752176388035       1.29273752176388035    
   17   1.27482410959927517       1.27482410959927517    
   18   1.25632871039579386       1.25632871039579386    
   19   1.23747861876053045       1.23747861876053045    
   20   1.21843391254095046       1.21843391254095046    
   21   1.19899212409831035       1.19899212409831035    
   22   1.17959515683704197       1.17959515683704197    
   23   1.16034823994313241       1.16034823994313241    
   24   1.14078671700165502       1.14078671700165502    
   25   1.12153178057413783       1.12153178057413783    
   26   1.10263619108088129       1.10263619108088129    
   27   1.08352253539686139       1.08352253539686139    
   28   1.06486947852606684       1.06486947852606684    
   29   1.04670753857744514       1.04670753857744514    
   30   1.02855063809817304       1.02855063809817304    
   31   1.01096554933037841       1.01096554933037841    
   32  0.993979038963317296      0.993979038963317296    
   33  0.977347895396249666      0.977347895396249666    
   34  0.961385583788196385      0.961385583788196385    
   35  0.946120367970927023      0.946120367970927023    
   36  0.931592409362987817      0.931592409362987817    
   37  0.917818727858064509      0.917818727858064509    
   38  0.904832408338296479      0.904832408338296479    
   39  0.892883862535580497      0.892883862535580497    
   40  0.881767984164871343      0.881767984164871343    
   41  0.871526245794816079      0.871526245794816079    
   42  0.862477655585038416      0.862477655585038416    
   43  0.854342666815455121      0.854342666815455121    
   44  0.847170312810503590      0.847170312810503590    
   45  0.841214541167918051      0.841214541167918051    
   46  0.836257346903090615      0.836257346903090615    
   47  0.832343790467736100      0.832343790467736100    
   48  0.829610283676440852      0.829610283676440852    
   49  0.827944372787821958      0.827944372787821958    
   50   0.00000000000000000       0.00000000000000000    
   51   0.00000000000000000       0.00000000000000000    
   52   0.00000000000000000       0.00000000000000000    
   53   0.00000000000000000       0.00000000000000000    
   54   0.00000000000000000       0.00000000000000000    
   55   0.00000000000000000       0.00000000000000000    
   56   0.00000000000000000       0.00000000000000000    
   57   0.00000000000000000       0.00000000000000000    
   58   0.00000000000000000       0.00000000000000000    
   59   0.00000000000000000       0.00000000000000000    
   60   0.00000000000000000       0.00000000000000000    
   61   0.00000000000000000       0.00000000000000000    
   62   0.00000000000000000       0.00000000000000000    
   63   0.00000000000000000       0.00000000000000000    
   64   0.00000000000000000       0.00000000000000000    
   65   0.00000000000000000       0.00000000000000000    
   66   0.00000000000000000       0.00000000000000000    
   67   0.00000000000000000       0.00000000000000000    
   68   0.00000000000000000       0.00000000000000000    
   69   0.00000000000000000       0.00000000000000000    
   70   0.00000000000000000       0.00000000000000000    
   71   0.00000000000000000       0.00000000000000000    
   72   0.00000000000000000       0.00000000000000000    
   73   0.00000000000000000       0.00000000000000000    
   74   0.00000000000000000       0.00000000000000000    
   75   0.00000000000000000       0.00000000000000000    
   76   0.00000000000000000       0.00000000000000000    
   77   0.00000000000000000       0.00000000000000000    
   78   0.00000000000000000       0.00000000000000000    
   79   0.00000000000000000       0.00000000000000000    
   80   0.00000000000000000       0.00000000000000000    
   81   0.00000000000000000       0.00000000000000000    
   82   0.00000000000000000       0.00000000000000000    
   83   0.00000000000000000       0.00000000000000000    
   84   0.00000000000000000       0.00000000000000000    
   85   0.00000000000000000       0.00000000000000000    
   86   0.00000000000000000       0.00000000000000000    
   87   0.00000000000000000       0.00000000000000000    
   88   0.00000000000000000       0.00000000000000000    
   89   0.00000000000000000       0.00000000000000000    
   90   0.00000000000000000       0.00000000000000000    
   91   0.00000000000000000       0.00000000000000000    
   92   0.00000000000000000       0.00000000000000000    
   93   0.00000000000000000       0.00000000000000000    
   94   0.00000000000000000       0.00000000000000000    
   95   0.00000000000000000       0.00000000000000000    
   96   0.00000000000000000       0.00000000000000000    
#gg4start - essentialstart
           1 T
           2 T
           3 F
           4 F
           5 F
           6 F
           7 F
           8 F
           9 F
          10 F
          11 F
          12 F
          13 F
          14 F
          15 F
          16 F
          17 F
          18 F
          19 F
          20 F
          21 F
          22 F
          23 F
          24 F
          25 F
          26 F
          27 F
          28 F
          29 F
          30 F
          31 F
          32 F
          33 F
          34 F
          35 F
          36 F
          37 F
          38 F
          39 F
          40 F
          41 F
          42 F
          43 F
          44 F
          45 F
          46 F
          47 F
          48 F
          49 F
          50 F
          51 F
          52 F
          53 F
          54 F
          55 F
          56 F
          57 F
          58 F
          59 F
          60 F
          61 F
          62 F
          63 F
          64 F
          65 F
          66 F
          67 F
          68 F
          69 F
          70 F
          71 F
          72 F
          73 F
          74 F
          75 F
          76 F
          77 F
          78 F
          79 F
          80 F
          81 F
          82 F
          83 F
          84 F
          85 F
          86 F
          87 F
          88 F
          89 F
          90 F
          91 F
          92 F
          93 F
          94 F
          95 F
          96 F
# gg4collect - bmagset bmagset
    1   1.42908551851770382       1.42908551851770382    
    2  0.827365300194460085      0.827365300194460085    
    3   1.42831651509890056       1.42831651509890056    
    4   1.42608459118389974       1.42608459118389974    
    5   1.42238549530136282       1.42238549530136282    
    6   1.41718659273018055       1.41718659273018055    
    7   1.41053891136436427       1.41053891136436427    
    8   1.40244281393579895       1.40244281393579895    
    9   1.39296950933694541       1.39296950933694541    
   10   1.38211879694189976       1.38211879694189976    
   11   1.36992897593412888       1.36992897593412888    
   12   1.35657972831795859       1.35657972831795859    
   13   1.34205623253967565       1.34205623253967565    
   14   1.32646464707707712       1.32646464707707712    
   15   1.31000532119503799       1.31000532119503799    
   16   1.29273752176388035       1.29273752176388035    
   17   1.27482410959927517       1.27482410959927517    
   18   1.25632871039579386       1.25632871039579386    
   19   1.23747861876053045       1.23747861876053045    
   20   1.21843391254095046       1.21843391254095046    
   21   1.19899212409831035       1.19899212409831035    
   22   1.17959515683704197       1.17959515683704197    
   23   1.16034823994313241       1.16034823994313241    
   24   1.14078671700165502       1.14078671700165502    
   25   1.12153178057413783       1.12153178057413783    
   26   1.10263619108088129       1.10263619108088129    
   27   1.08352253539686139       1.08352253539686139    
   28   1.06486947852606684       1.06486947852606684    
   29   1.04670753857744514       1.04670753857744514    
   30   1.02855063809817304       1.02855063809817304    
   31   1.01096554933037841       1.01096554933037841    
   32  0.993979038963317296      0.993979038963317296    
   33  0.977347895396249666      0.977347895396249666    
   34  0.961385583788196385      0.961385583788196385    
   35  0.946120367970927023      0.946120367970927023    
   36  0.931592409362987817      0.931592409362987817    
   37  0.917818727858064509      0.917818727858064509    
   38  0.904832408338296479      0.904832408338296479    
   39  0.892883862535580497      0.892883862535580497    
   40  0.881767984164871343      0.881767984164871343    
   41  0.871526245794816079      0.871526245794816079    
   42  0.862477655585038416      0.862477655585038416    
   43  0.854342666815455121      0.854342666815455121    
   44  0.847170312810503590      0.847170312810503590    
   45  0.841214541167918051      0.841214541167918051    
   46  0.836257346903090615      0.836257346903090615    
   47  0.832343790467736100      0.832343790467736100    
   48  0.829610283676440852      0.829610283676440852    
   49  0.827944372787821958      0.827944372787821958    
   50   0.00000000000000000       0.00000000000000000    
   51   0.00000000000000000       0.00000000000000000    
   52   0.00000000000000000       0.00000000000000000    
   53   0.00000000000000000       0.00000000000000000    
   54   0.00000000000000000       0.00000000000000000    
   55   0.00000000000000000       0.00000000000000000    
   56   0.00000000000000000       0.00000000000000000    
   57   0.00000000000000000       0.00000000000000000    
   58   0.00000000000000000       0.00000000000000000    
   59   0.00000000000000000       0.00000000000000000    
   60   0.00000000000000000       0.00000000000000000    
   61   0.00000000000000000       0.00000000000000000    
   62   0.00000000000000000       0.00000000000000000    
   63   0.00000000000000000       0.00000000000000000    
   64   0.00000000000000000       0.00000000000000000    
   65   0.00000000000000000       0.00000000000000000    
   66   0.00000000000000000       0.00000000000000000    
   67   0.00000000000000000       0.00000000000000000    
   68   0.00000000000000000       0.00000000000000000    
   69   0.00000000000000000       0.00000000000000000    
   70   0.00000000000000000       0.00000000000000000    
   71   0.00000000000000000       0.00000000000000000    
   72   0.00000000000000000       0.00000000000000000    
   73   0.00000000000000000       0.00000000000000000    
   74   0.00000000000000000       0.00000000000000000    
   75   0.00000000000000000       0.00000000000000000    
   76   0.00000000000000000       0.00000000000000000    
   77   0.00000000000000000       0.00000000000000000    
   78   0.00000000000000000       0.00000000000000000    
   79   0.00000000000000000       0.00000000000000000    
   80   0.00000000000000000       0.00000000000000000    
   81   0.00000000000000000       0.00000000000000000    
   82   0.00000000000000000       0.00000000000000000    
   83   0.00000000000000000       0.00000000000000000    
   84   0.00000000000000000       0.00000000000000000    
   85   0.00000000000000000       0.00000000000000000    
   86   0.00000000000000000       0.00000000000000000    
   87   0.00000000000000000       0.00000000000000000    
   88   0.00000000000000000       0.00000000000000000    
   89   0.00000000000000000       0.00000000000000000    
   90   0.00000000000000000       0.00000000000000000    
   91   0.00000000000000000       0.00000000000000000    
   92   0.00000000000000000       0.00000000000000000    
   93   0.00000000000000000       0.00000000000000000    
   94   0.00000000000000000       0.00000000000000000    
   95   0.00000000000000000       0.00000000000000000    
   96   0.00000000000000000       0.00000000000000000    
# gg4collect - thetasetset ibmagsetset icollsetset
    1  -3.14159265358979223        1          2
    2  0.444089209850062616E-15    2          2
    3  -3.07735497565661920        3          2
    4   3.07735497565661387        3       3222
    5  -3.01311729772344572        4          2
    6   3.01311729772344705        4       3222
    7  -2.94887961979027269        5          2
    8   2.94887961979026691        5       3222
    9  -2.88516853002909235        6          2
   10   2.88516853002909368        6       3222
   11  -2.82145744026791157        7          2
   12   2.82145744026791245        7       3222
   13  -2.75774635050673123        8          2
   14   2.75774635050673211        8        331
   15  -2.69490679955555956        9          2
   16   2.69490679955556001        9       3222
   17  -2.63206724860438745       10          2
   18   2.63206724860438790       10       3222
   19  -2.56922769765321579       11          2
   20   2.56922769765321668       11       3222
   21  -2.50727962014163586       12          2
   22   2.50727962014163586       12       3222
   23  -2.44533154263005548       13          2
   24   2.44533154263005548       13       3222
   25  -2.38338346511847554       14          2
   26   2.38338346511847554       14        331
   27  -2.32195546692375432       15          2
   28   2.32195546692375476       15       3222
   29  -2.26052746872903354       16          2
   30   2.26052746872903398       16       3222
   31  -2.19909947053431232       17          2
   32   2.19909947053431321       17        331
   33  -2.13747454548975524       18          2
   34   2.13747454548975657       18       3222
   35  -2.07584962044519772       19          2
   36   2.07584962044519816       19       3222
   37  -2.01422469540064064       20          2
   38   2.01422469540064064       20        331
   39  -1.95151346363594858       21          2
   40   1.95151346363594946       21       3222
   41  -1.88880223187125673       22          2
   42   1.88880223187125695       22       3222
   43  -1.82609100010656467       23          2
   44   1.82609100010656444       23        331
   45  -1.76150428155042094       24          2
   46   1.76150428155042138       24       3222
   47  -1.69691756299427743       25          2
   48   1.69691756299427721       25       3222
   49  -1.63233084443813370       26          2
   50   1.63233084443813414       26        331
   51  -1.56546915656484775       27          2
   52   1.56546915656484842       27       3222
   53  -1.49860746869156203       28          2
   54   1.49860746869156181       28       3222
   55  -1.43174578081827608       29          2
   56   1.43174578081827608       29        331
   57  -1.36279388787484956       30          2
   58   1.36279388787484912       30       3222
   59  -1.29384199493142305       31          2
   60   1.29384199493142216       31       3222
   61  -1.22489010198799653       32          2
   62   1.22489010198799608       32        331
   63  -1.15462426559138165       33          2
   64   1.15462426559138143       33       3222
   65  -1.08435842919476655       34          2
   66   1.08435842919476588       34       3222
   67  -1.01409259279815167       35          2
   68   1.01409259279815078       35       3222
   69 -0.943670352360300169       36          2
   70  0.943670352360299614       36       3222
   71 -0.873248111922448778       37          2
   72  0.873248111922448667       37       3222
   73 -0.802825871484597275       38          2
   74  0.802825871484596165       38       3222
   75 -0.733410290909753404       39          2
   76  0.733410290909751739       39       3222
   77 -0.663994710334909644       40          2
   78  0.663994710334909310       40       3222
   79 -0.594579129760065772       41          2
   80  0.594579129760065772       41        331
   81 -0.526924286238402484       42          2
   82  0.526924286238401707       42       3222
   83 -0.459269442716739196       43          2
   84  0.459269442716737364       43       3222
   85 -0.391614599195075908       44          2
   86  0.391614599195075908       44        331
   87 -0.325775387285279827       45          2
   88  0.325775387285280882       45       3222
   89 -0.259936175375483747       46          2
   90  0.259936175375483969       46       3222
   91 -0.194096963465687722       47          2
   92  0.194096963465688166       47        331
   93 -0.129397975643791685       48          2
   94  0.129397975643790464       48       3222
   95 -0.646989878218956205E-01   49          2
   96  0.646989878218926923E-01   49       3222
#gg4sort - thetasetset ithetasort ithetasort
    1  -3.14159265358979223        1          1
    2  0.444089209850062616E-15    3          3
    3  -3.07735497565661920        5          5
    4   3.07735497565661387        7          7
    5  -3.01311729772344572        9          9
    6   3.01311729772344705       11         11
    7  -2.94887961979027269       13         13
    8   2.94887961979026691       15         15
    9  -2.88516853002909235       17         17
   10   2.88516853002909368       19         19
   11  -2.82145744026791157       21         21
   12   2.82145744026791245       23         23
   13  -2.75774635050673123       25         25
   14   2.75774635050673211       27         27
   15  -2.69490679955555956       29         29
   16   2.69490679955556001       31         31
   17  -2.63206724860438745       33         33
   18   2.63206724860438790       35         35
   19  -2.56922769765321579       37         37
   20   2.56922769765321668       39         39
   21  -2.50727962014163586       41         41
   22   2.50727962014163586       43         43
   23  -2.44533154263005548       45         45
   24   2.44533154263005548       47         47
   25  -2.38338346511847554       49         49
   26   2.38338346511847554       51         51
   27  -2.32195546692375432       53         53
   28   2.32195546692375476       55         55
   29  -2.26052746872903354       57         57
   30   2.26052746872903398       59         59
   31  -2.19909947053431232       61         61
   32   2.19909947053431321       63         63
   33  -2.13747454548975524       65         65
   34   2.13747454548975657       67         67
   35  -2.07584962044519772       69         69
   36   2.07584962044519816       71         71
   37  -2.01422469540064064       73         73
   38   2.01422469540064064       75         75
   39  -1.95151346363594858       77         77
   40   1.95151346363594946       79         79
   41  -1.88880223187125673       81         81
   42   1.88880223187125695       83         83
   43  -1.82609100010656467       85         85
   44   1.82609100010656444       87         87
   45  -1.76150428155042094       89         89
   46   1.76150428155042138       91         91
   47  -1.69691756299427743       93         93
   48   1.69691756299427721       95         95
   49  -1.63233084443813370        2          2
   50   1.63233084443813414       96         96
   51  -1.56546915656484775       94         94
   52   1.56546915656484842       92         92
   53  -1.49860746869156203       90         90
   54   1.49860746869156181       88         88
   55  -1.43174578081827608       86         86
   56   1.43174578081827608       84         84
   57  -1.36279388787484956       82         82
   58   1.36279388787484912       80         80
   59  -1.29384199493142305       78         78
   60   1.29384199493142216       76         76
   61  -1.22489010198799653       74         74
   62   1.22489010198799608       72         72
   63  -1.15462426559138165       70         70
   64   1.15462426559138143       68         68
   65  -1.08435842919476655       66         66
   66   1.08435842919476588       64         64
   67  -1.01409259279815167       62         62
   68   1.01409259279815078       60         60
   69 -0.943670352360300169       58         58
   70  0.943670352360299614       56         56
   71 -0.873248111922448778       54         54
   72  0.873248111922448667       52         52
   73 -0.802825871484597275       50         50
   74  0.802825871484596165       48         48
   75 -0.733410290909753404       46         46
   76  0.733410290909751739       44         44
   77 -0.663994710334909644       42         42
   78  0.663994710334909310       40         40
   79 -0.594579129760065772       38         38
   80  0.594579129760065772       36         36
   81 -0.526924286238402484       34         34
   82  0.526924286238401707       32         32
   83 -0.459269442716739196       30         30
   84  0.459269442716737364       28         28
   85 -0.391614599195075908       26         26
   86  0.391614599195075908       24         24
   87 -0.325775387285279827       22         22
   88  0.325775387285280882       20         20
   89 -0.259936175375483747       18         18
   90  0.259936175375483969       16         16
   91 -0.194096963465687722       14         14
   92  0.194096963465688166       12         12
   93 -0.129397975643791685       10         10
   94  0.129397975643790464        8          8
   95 -0.646989878218956205E-01    6          6
   96  0.646989878218926923E-01    4          4
#gg4sort - bmagset ibmagsort ibmagsort
    1   1.42908551851770382       96         96
    2  0.827365300194460085       61         61
    3   1.42831651509890056       70         70
    4   1.42608459118389974       69         69
    5   1.42238549530136282       68         68
    6   1.41718659273018055       67         67
    7   1.41053891136436427       66         66
    8   1.40244281393579895       65         65
    9   1.39296950933694541       64         64
   10   1.38211879694189976       63         63
   11   1.36992897593412888       62         62
   12   1.35657972831795859       60         60
   13   1.34205623253967565       72         72
   14   1.32646464707707712       59         59
   15   1.31000532119503799       58         58
   16   1.29273752176388035       57         57
   17   1.27482410959927517       56         56
   18   1.25632871039579386       55         55
   19   1.23747861876053045       54         54
   20   1.21843391254095046       53         53
   21   1.19899212409831035       52         52
   22   1.17959515683704197       51         51
   23   1.16034823994313241       71         71
   24   1.14078671700165502       73         73
   25   1.12153178057413783       50         50
   26   1.10263619108088129       74         74
   27   1.08352253539686139       86         86
   28   1.06486947852606684       95         95
   29   1.04670753857744514       94         94
   30   1.02855063809817304       93         93
   31   1.01096554933037841       92         92
   32  0.993979038963317296       91         91
   33  0.977347895396249666       90         90
   34  0.961385583788196385       89         89
   35  0.946120367970927023       88         88
   36  0.931592409362987817       87         87
   37  0.917818727858064509       85         85
   38  0.904832408338296479       75         75
   39  0.892883862535580497       84         84
   40  0.881767984164871343       83         83
   41  0.871526245794816079       82         82
   42  0.862477655585038416       81         81
   43  0.854342666815455121       80         80
   44  0.847170312810503590       79         79
   45  0.841214541167918051       78         78
   46  0.836257346903090615       77         77
   47  0.832343790467736100       76         76
   48  0.829610283676440852        2          2
   49  0.827944372787821958       49         49
   50   0.00000000000000000       48         48
   51   0.00000000000000000       47         47
   52   0.00000000000000000       46         46
   53   0.00000000000000000       45         45
   54   0.00000000000000000       44         44
   55   0.00000000000000000       43         43
   56   0.00000000000000000       42         42
   57   0.00000000000000000       41         41
   58   0.00000000000000000       40         40
   59   0.00000000000000000       39         39
   60   0.00000000000000000       38         38
   61   0.00000000000000000       37         37
   62   0.00000000000000000       36         36
   63   0.00000000000000000       35         35
   64   0.00000000000000000       34         34
   65   0.00000000000000000       33         33
   66   0.00000000000000000       32         32
   67   0.00000000000000000       31         31
   68   0.00000000000000000       30         30
   69   0.00000000000000000       29         29
   70   0.00000000000000000       28         28
   71   0.00000000000000000       27         27
   72   0.00000000000000000       26         26
   73   0.00000000000000000       25         25
   74   0.00000000000000000       24         24
   75   0.00000000000000000       23         23
   76   0.00000000000000000       22         22
   77   0.00000000000000000       21         21
   78   0.00000000000000000       20         20
   79   0.00000000000000000       19         19
   80   0.00000000000000000       18         18
   81   0.00000000000000000       17         17
   82   0.00000000000000000       16         16
   83   0.00000000000000000       15         15
   84   0.00000000000000000       14         14
   85   0.00000000000000000       13         13
   86   0.00000000000000000       12         12
   87   0.00000000000000000       11         11
   88   0.00000000000000000       10         10
   89   0.00000000000000000        9          9
   90   0.00000000000000000        8          8
   91   0.00000000000000000        7          7
   92   0.00000000000000000        6          6
   93   0.00000000000000000        5          5
   94   0.00000000000000000        4          4
   95   0.00000000000000000        3          3
   96   0.00000000000000000        1          1
#gg4metrics - thetares alambdares
    1  0.200000000000000000E+21  0.764365764549409924E-03
    2  0.100000000000000000E+21  0.780756712462562868E-03
    3  0.321188389665866270E-01  0.577462543533812950E-03
    4  0.321188389665866825E-01  0.171677498790779128E-02
    5  0.319866501147302237E-01  0.165335595108672458E-02
    6  0.318555448805894481E-01  0.253874887909792506E-02
    7  0.318555448805903363E-01  0.373524650662806742E-02
    8  0.316361596327469283E-01  0.300950461456767461E-02
    9  0.314197754755859981E-01  0.403940453724801075E-02
   10  0.314197754755858871E-01  0.544840993815237217E-02
   11  0.311953149608740384E-01  0.422091111069330602E-02
   12  0.309740387557901897E-01  0.502481723389942153E-02
   13  0.309740387557900787E-01  0.704259834064985355E-02
   14  0.308434708411902125E-01  0.533536478122732978E-02
   15  0.307139990973604449E-01  0.672411600376509200E-02
   16  0.307139990973604449E-01  0.851176312555638505E-02
   17  0.307631520222068564E-01  0.632195828223086013E-02
   18  0.308124625222787052E-01  0.789834572177789199E-02
   19  0.308124625222788162E-01  0.982575779417430191E-02
   20  0.310816664767903615E-01  0.715923860374116563E-02
   21  0.313556158823459497E-01  0.895095339709575666E-02
   22  0.313556158823461162E-01  0.110252537517139901E-01
   23  0.318175796710555500E-01  0.788845568506231498E-02
   24  0.322933592780718093E-01  0.995323836323611100E-02
   25  0.322933592780718093E-01  0.122264800149382760E-01
   26  0.328522584195726081E-01  0.858534909283378313E-02
   27  0.334308439366430010E-01  0.109865832326302790E-01
   28  0.334308439366430010E-01  0.135247893379176719E-01
   29  0.339453530091175099E-01  0.927777460419312514E-02
   30  0.344759464717133701E-01  0.120619043792496005E-01
   31  0.344759464717132591E-01  0.149161510033631352E-01
   32  0.348013320700397769E-01  0.990390454033712384E-02
   33  0.351329181983075223E-01  0.131088878340979032E-01
   34  0.351329181983075778E-01  0.163105931603728799E-01
   35  0.351719757397159771E-01  0.103332614627472258E-01
   36  0.352111202189256262E-01  0.140197550716350452E-01
   37  0.352111202189257927E-01  0.175874310259884863E-01
   38  0.349576435757743692E-01  0.103932206018055237E-01
   39  0.347077902874218108E-01  0.146871523580233976E-01
   40  0.347077902874216998E-01  0.186342562312763020E-01
   41  0.342619516406395333E-01  0.984694813270567751E-02
   42  0.338274217608318731E-01  0.150000965239370891E-01
   43  0.338274217608315469E-01  0.193437972109933021E-01
   44  0.333673403280032588E-01  0.824354083072643788E-02
   45  0.329196059548980124E-01  0.884271134130907611E-02
   46  0.329196059548981027E-01  0.194714812583055598E-01
   47  0.326320600277205455E-01  0.425775979758177218E-02
   48  0.323494939109484486E-01  0.127227925306287425E-01
   49  0.323494939109477686E-01  0.130013137640200924E-01
   50   0.00000000000000000       0.00000000000000000    
   51   0.00000000000000000       0.00000000000000000    
   52   0.00000000000000000       0.00000000000000000    
   53   0.00000000000000000       0.00000000000000000    
   54   0.00000000000000000       0.00000000000000000    
   55   0.00000000000000000       0.00000000000000000    
   56   0.00000000000000000       0.00000000000000000    
   57   0.00000000000000000       0.00000000000000000    
   58   0.00000000000000000       0.00000000000000000    
   59   0.00000000000000000       0.00000000000000000    
   60   0.00000000000000000       0.00000000000000000    
   61   0.00000000000000000       0.00000000000000000    
   62   0.00000000000000000       0.00000000000000000    
   63   0.00000000000000000       0.00000000000000000    
   64   0.00000000000000000       0.00000000000000000    
   65   0.00000000000000000       0.00000000000000000    
   66   0.00000000000000000       0.00000000000000000    
   67   0.00000000000000000       0.00000000000000000    
   68   0.00000000000000000       0.00000000000000000    
   69   0.00000000000000000       0.00000000000000000    
   70   0.00000000000000000       0.00000000000000000    
   71   0.00000000000000000       0.00000000000000000    
   72   0.00000000000000000       0.00000000000000000    
   73   0.00000000000000000       0.00000000000000000    
   74   0.00000000000000000       0.00000000000000000    
   75   0.00000000000000000       0.00000000000000000    
   76   0.00000000000000000       0.00000000000000000    
   77   0.00000000000000000       0.00000000000000000    
   78   0.00000000000000000       0.00000000000000000    
   79   0.00000000000000000       0.00000000000000000    
   80   0.00000000000000000       0.00000000000000000    
   81   0.00000000000000000       0.00000000000000000    
   82   0.00000000000000000       0.00000000000000000    
   83   0.00000000000000000       0.00000000000000000    
   84   0.00000000000000000       0.00000000000000000    
   85   0.00000000000000000       0.00000000000000000    
   86   0.00000000000000000       0.00000000000000000    
   87   0.00000000000000000       0.00000000000000000    
   88   0.00000000000000000       0.00000000000000000    
   89   0.00000000000000000       0.00000000000000000    
   90   0.00000000000000000       0.00000000000000000    
   91   0.00000000000000000       0.00000000000000000    
   92   0.00000000000000000       0.00000000000000000    
   93   0.00000000000000000       0.00000000000000000    
   94   0.00000000000000000       0.00000000000000000    
   95   0.00000000000000000       0.00000000000000000    
   96   0.00000000000000000       0.00000000000000000    
#gg4results - output grid - thetagrid thetagrid
    1  -3.14159265358979223       1.42908551851770382    
    2  -3.01311729772344572       1.42608459118389974    
    3  -2.82145744026791157       1.41053891136436427    
    4  -2.63206724860438745       1.38211879694189976    
    5  -2.44533154263005548       1.34205623253967565    
    6  -2.26052746872903354       1.29273752176388035    
    7  -2.01422469540064064       1.21843391254095046    
    8  -1.76150428155042094       1.14078671700165502    
    9  -1.49860746869156203       1.06486947852606684    
   10  -1.22489010198799653      0.993979038963317296    
   11  -1.08435842919476655      0.961385583788196385    
   12 -0.943670352360300169      0.931592409362987817    
   13 -0.802825871484597275      0.904832408338296479    
   14 -0.594579129760065772      0.871526245794816079    
   15 -0.391614599195075908      0.847170312810503590    
   16 -0.194096963465687722      0.832343790467736100    
   17  0.444089209850062616E-15  0.827365300194460085    
   18  0.194096963465688166      0.832343790467736100    
   19  0.391614599195075908      0.847170312810503590    
   20  0.594579129760065772      0.871526245794816079    
   21  0.802825871484596165      0.904832408338296479    
   22  0.943670352360299614      0.931592409362987817    
   23   1.08435842919476588      0.961385583788196385    
   24   1.22489010198799608      0.993979038963317296    
   25   1.49860746869156181       1.06486947852606684    
   26   1.76150428155042138       1.14078671700165502    
   27   2.01422469540064064       1.21843391254095046    
   28   2.26052746872903398       1.29273752176388035    
   29   2.44533154263005548       1.34205623253967565    
   30   2.63206724860438790       1.38211879694189976    
   31   2.82145744026791245       1.41053891136436427    
   32   3.01311729772344705       1.42608459118389974    
   33   3.14159265358979312       1.42908551851770382    
#gg4results - output 1/lambda - bset bset
    1   1.42908551851770382       1.42908551851770382    
    2   1.42608459118389974       1.42608459118389974    
    3   1.41053891136436427       1.41053891136436427    
    4   1.38211879694189976       1.38211879694189976    
    5   1.34205623253967565       1.34205623253967565    
    6   1.29273752176388035       1.29273752176388035    
    7   1.21843391254095046       1.21843391254095046    
    8   1.14078671700165502       1.14078671700165502    
    9   1.06486947852606684       1.06486947852606684    
   10  0.993979038963317296      0.993979038963317296    
   11  0.961385583788196385      0.961385583788196385    
   12  0.931592409362987817      0.931592409362987817    
   13  0.904832408338296479      0.904832408338296479    
   14  0.871526245794816079      0.871526245794816079    
   15  0.847170312810503590      0.847170312810503590    
   16  0.832343790467736100      0.832343790467736100    
   17  0.827365300194460085      0.827365300194460085    
