 # theta_pol,  R,   Z
  -3.1415926535897931        2.1434724755696060       -1.8168421242469963E-016
  -3.1354567304382504        2.1434815443314630       -9.1029786774983346E-003
  -3.1293208072867080        2.1435087510228104       -1.8205614632993646E-002
  -3.1231848841351653        2.1435540968609130       -2.7307565157388532E-002
  -3.1170489609836229        2.1436175838743470       -3.6408487567388889E-002
  -3.1109130378320802        2.1436992149026972       -4.5508039218411150E-002
  -3.1047771146805379        2.1437989935961359       -5.4605877517477433E-002
  -3.0986411915289951        2.1439169244148837       -6.3701659936119204E-002
  -3.0925052683774528        2.1440530126285449       -7.2795044023268043E-002
  -3.0863693452259100        2.1442072643153267       -8.1885687418153996E-002
  -3.0802334220743677        2.1443796863611357       -9.0973247863189971E-002
  -3.0740974989228249        2.1445702864585545      -0.10005738321686285     
  -3.0679615757712821        2.1447790731056964      -0.10913775146661024     
  -3.0618256526197398        2.1450060556049411      -0.11821401074169921     
  -3.0556897294681971        2.1452512440615470      -0.12728581932609923     
  -3.0495538063166547        2.1455146493821453      -0.13635283567134315     
  -3.0434178831651120        2.1457962832731079      -0.14541471840939169     
  -3.0372819600135696        2.1460961582387998      -0.15447112636548019     
  -3.0311460368620269        2.1464142875797041      -0.16352171857096909     
  -3.0250101137104846        2.1467506853904297      -0.17256615427617603     
  -3.0188741905589418        2.1471053665575921      -0.18160409296320990     
  -3.0127382674073995        2.1474783467575778      -0.19063519435878606     
  -3.0066023442558567        2.1478696424541792      -0.19965911844704270     
  -3.0004664211043139        2.1482792708961118      -0.20867552548233770     
  -2.9943304979527716        2.1487072501144069      -0.21768407600204143     
  -2.9881945748012289        2.1491535989196784      -0.22668443083931991     
  -2.9820586516496865        2.1496183368992710      -0.23567625113589918     
  -2.9759227284981438        2.1501014844142770      -0.24465919835482861     
  -2.9697868053466014        2.1506030625964381      -0.25363293429322126     
  -2.9636508821950587        2.1511230933449133      -0.26259712109499234     
  -2.9575149590435164        2.1516615993229276      -0.27155142126357401     
  -2.9513790358919736        2.1522186039542941      -0.28049549767462723     
  -2.9452431127404308        2.1527941314198107      -0.28942901358872974     
  -2.9391071895888885        2.1533882066535273      -0.29835163266405590     
  -2.9329712664373457        2.1540008553388925      -0.30726301896904196     
  -2.9268353432858034        2.1546321039047696      -0.31616283699502890     
  -2.9206994201342606        2.1552819795213249      -0.32505075166889963     
  -2.9145634969827183        2.1559505100957908      -0.33392642836568875     
  -2.9084275738311756        2.1566377242681005      -0.34278953292118658     
  -2.9022916506796332        2.1573436514063924      -0.35163973164451467     
  -2.8961557275280905        2.1580683216023870      -0.36047669133069465     
  -2.8900198043765482        2.1588117656666341      -0.36930007927318753     
  -2.8838838812250054        2.1595740151236313      -0.37810956327642575     
  -2.8777479580734626        2.1603551022068115      -0.38690481166831497     
  -2.8716120349219203        2.1611550598533977      -0.39568549331272374     
  -2.8654761117703775        2.1619739216991318      -0.40445127762195221     
  -2.8593401886188352        2.1628117220728651      -0.41320183456917448     
  -2.8532042654672924        2.1636684959910228      -0.42193683470086835     
  -2.8470683423157501        2.1645442791519329      -0.43065594914921479     
  -2.8409324191642074        2.1654391079300206      -0.43935884964448413     
  -2.8347964960126650        2.1663530193698732      -0.44804520852739038     
  -2.8286605728611223        2.1672860511801675      -0.45671469876143234     
  -2.8225246497095799        2.1682382417274639      -0.46536699394520153     
  -2.8163887265580372        2.1692096300298647      -0.47400176832467578     
  -2.8102528034064944        2.1702002557505371      -0.48261869680547953     
  -2.8041168802549521        2.1712101591911015      -0.49121745496512503     
  -2.7979809571034093        2.1722393812848795      -0.49979771906522902     
  -2.7918450339518670        2.1732879635900084      -0.50835916606369635     
  -2.7857091108003242        2.1743559482824160      -0.51690147362688776     
  -2.7795731876487819        2.1754433781486564      -0.52542432014175056     
  -2.7734372644972392        2.1765502965786090      -0.53392738472793133     
  -2.7673013413456968        2.1776767475580363      -0.54241034724985371     
  -2.7611654181941541        2.1788227756610019      -0.55087288832877435     
  -2.7550294950426117        2.1799884260421498      -0.55931468935480322     
  -2.7488935718910690        2.1811737444288397      -0.56773543249890457     
  -2.7427576487395262        2.1823787771131431      -0.57613480072485768     
  -2.7366217255879839        2.1836035709436956      -0.58451247780119553     
  -2.7304858024364411        2.1848481733174077      -0.59286814831311263     
  -2.7243498792848988        2.1861126321710316      -0.60120149767433562     
  -2.7182139561333560        2.1873969959725850      -0.60951221213897211     
  -2.7120780329818137        2.1887013137126283      -0.61779997881331872     
  -2.7059421098302709        2.1900256348954001      -0.62606448566764550     
  -2.6998061866787286        2.1913700095298041      -0.63430542154793945     
  -2.6936702635271859        2.1927344881202533      -0.64252247618762359     
  -2.6875343403756435        2.1941191216573639      -0.65071534021923383     
  -2.6813984172241008        2.1955239616085058      -0.65888370518607120     
  -2.6752624940725580        2.1969490599082029      -0.66702726355381092     
  -2.6691265709210157        2.1983944689483863      -0.67514570872208268     
  -2.6629906477694729        2.1998602415684996      -0.68323873503601529     
  -2.6568547246179306        2.2013464310454527      -0.69130603779774147     
  -2.6507188014663878        2.2028530910834290      -0.69934731327787292     
  -2.6445828783148455        2.2043802758035405      -0.70736225872693148     
  -2.6384469551633027        2.2059280397333336      -0.71535057238675226     
  -2.6323110320117604        2.2074964377961410      -0.72331195350183997     
  -2.6261751088602177        2.2090855253002859      -0.73124610233069653     
  -2.6200391857086753        2.2106953579281332      -0.73915272015710176     
  -2.6139032625571326        2.2123259917249842      -0.74703150930136442     
  -2.6077673394055898        2.2139774830878247      -0.75488217313152572     
  -2.6016314162540475        2.2156498887539158      -0.76270441607452921     
  -2.5954954931025047        2.2173432657892311      -0.77049794362735025     
  -2.5893595699509624        2.2190576715767407      -0.77826246236808061     
  -2.5832236467994196        2.2207931638045415      -0.78599767996697878     
  -2.5770877236478773        2.2225498004538307      -0.79370330519747356     
  -2.5709518004963345        2.2243276397867247      -0.80137904794713100     
  -2.5648158773447922        2.2261267403339229      -0.80902461922857405     
  -2.5586799541932495        2.2279471608822154      -0.81663973119036626     
  -2.5525440310417071        2.2297889604618333      -0.82422409712784517     
  -2.5464081078901644        2.2316521983336441      -0.83177743149392125     
  -2.5402721847386216        2.2335369339761888      -0.83929944990982386     
  -2.5341362615870793        2.2354432270725630      -0.84678986917581078     
  -2.5280003384355365        2.2373711374971395      -0.85424840728183149     
  -2.5218644152839942        2.2393207253021341      -0.86167478341814063     
  -2.5157284921324514        2.2412920507040144      -0.86906871798587515     
  -2.5095925689809091        2.2432851740697459      -0.87642993260757662     
  -2.5034566458293663        2.2453001559028891      -0.88375815013767622     
  -2.4973207226778240        2.2473370568295263      -0.89105309467292471     
  -2.4911847995262812        2.2493959375840413      -0.89831449156278453     
  -2.4850488763747385        2.2514768589947334      -0.90554206741976628     
  -2.4789129532231962        2.2535798819692734      -0.91273555012972363     
  -2.4727770300716534        2.2557050674800054      -0.91989466886209947     
  -2.4666411069201111        2.2578524765490835      -0.92701915408011848     
  -2.4605051837685683        2.2600221702334560      -0.93410873755094048     
  -2.4543692606170260        2.2622142096096844      -0.94116315235575343     
  -2.4482333374654832        2.2644286557586111      -0.94818213289982811     
  -2.4420974143139409        2.2666655697498594      -0.95516541492251361     
  -2.4359614911623981        2.2689250126261848      -0.96211273550718934     
  -2.4298255680108558        2.2712070453876603      -0.96902383309116102     
  -2.4236896448593130        2.2735117289757074      -0.97589844747551191     
  -2.4175537217077703        2.2758391242569669      -0.98273631983489529     
  -2.4114177985562280        2.2781892920070139      -0.98953719272728113     
  -2.4052818754046852        2.2805622928939138      -0.99630081010365001     
  -2.3991459522531429        2.2829581874616198       -1.0030269173176296     
  -2.3930100291016001        2.2853770361132186       -1.0097152611350857     
  -2.3868741059500578        2.2878188990940109       -1.0163655897436530     
  -2.3807381827985150        2.2902838364744444       -1.0229776527622190     
  -2.3746022596469727        2.2927719081328859       -1.0295512012503474     
  -2.3684663364954299        2.2952831737382371       -1.0360859877176538     
  -2.3623304133438876        2.2978176927324010       -1.0425817661331203     
  -2.3561944901923448        2.3003755243125874       -1.0490382919343619     
  -2.3500585670408021        2.3029567274134690       -1.0554553220368315     
  -2.3439226438892597        2.3055613606891816       -1.0618326148429713     
  -2.3377867207377170        2.3081894824951750       -1.0681699302513128     
  -2.3316507975861747        2.3108411508699072       -1.0744670296655121     
  -2.3255148744346319        2.3135164235163916       -1.0807236760033363     
  -2.3193789512830896        2.3162153577835927       -1.0869396337055861     
  -2.3132430281315468        2.3189380106476687       -1.0931146687449680     
  -2.3071071049800045        2.3216844386930720       -1.0992485486349020     
  -2.3009711818284617        2.3244546980934948       -1.1053410424382784     
  -2.2948352586769194        2.3272488445926727       -1.1113919207761473     
  -2.2886993355253766        2.3300669334850395       -1.1174009558363611     
  -2.2825634123738339        2.3329090195962379       -1.1233679213821450     
  -2.2764274892222915        2.3357751572634853       -1.1292925927606188     
  -2.2702915660707488        2.3386654003158003       -1.1351747469112543     
  -2.2641556429192065        2.3415798020540808       -1.1410141623742713     
  -2.2580197197676637        2.3445184152310494       -1.1468106192989795     
  -2.2518837966161214        2.3474812920310537       -1.1525638994520504     
  -2.2457478734645786        2.3504684840497285       -1.1582737862257393     
  -2.2396119503130363        2.3534800422735289       -1.1639400646460349     
  -2.2334760271614935        2.3565160170591182       -1.1695625213807590     
  -2.2273401040099512        2.3595764581126266       -1.1751409447475922     
  -2.2212041808584084        2.3626614144687808       -1.1806751247220482     
  -2.2150682577068657        2.3657709344698965       -1.1861648529453788     
  -2.2089323345553233        2.3689050657447455       -1.1916099227324186     
  -2.2027964114037806        2.3720638551872963       -1.1970101290793687     
  -2.1966604882522383        2.3752473489353245       -1.2023652686715112     
  -2.1905245651006955        2.3784555923489039       -1.2076751398908683     
  -2.1843886419491532        2.3816886299887727       -1.2129395428237890     
  -2.1782527187976104        2.3849465055945789       -1.2181582792684786     
  -2.1721167956460681        2.3882292620630103       -1.2233311527424595     
  -2.1659808724945253        2.3915369414258043       -1.2284579684899697     
  -2.1598449493429825        2.3948695848276471       -1.2335385334892934     
  -2.1537090261914402        2.3982272325039546       -1.2385726564600295     
  -2.1475731030398975        2.4016099237585520       -1.2435601478702945     
  -2.1414371798883551        2.4050176969412349       -1.2485008199438548     
  -2.1353012567368124        2.4084505894252350       -1.2533944866672000     
  -2.1291653335852700        2.4119086375845753       -1.2582409637965435     
  -2.1230294104337273        2.4153918767713254       -1.2630400688647607     
  -2.1168934872821850        2.4189003412927619       -1.2677916211882585     
  -2.1107575641306422        2.4224340643884266       -1.2724954418737771     
  -2.1046216409790999        2.4259930782070978       -1.2771513538251265     
  -2.0984857178275571        2.4295774137836670       -1.2817591817498533     
  -2.0923497946760143        2.4331871010159269       -1.2863187521658404     
  -2.0862138715244720        2.4368221686412737       -1.2908298934078388     
  -2.0800779483729293        2.4404826442133318       -1.2952924356339304     
  -2.0739420252213869        2.4441685540784901       -1.2997062108319224     
  -2.0678061020698442        2.4478799233523700       -1.3040710528256738     
  -2.0616701789183018        2.4516167758962144       -1.3083867972813501     
  -2.0555342557667591        2.4553791342932056       -1.3126532817136121     
  -2.0493983326152168        2.4591670198247182       -1.3168703454917319     
  -2.0432624094636740        2.4629804524465069       -1.3210378298456424     
  -2.0371264863121317        2.4668194507648300       -1.3251555778719126     
  -2.0309905631605889        2.4706840320125205       -1.3292234345396572     
  -2.0248546400090461        2.4745742120249954       -1.3332412466963712     
  -2.0187187168575038        2.4784900052162206       -1.3372088630736982     
  -2.0125827937059610        2.4824314245546244       -1.3411261342931240     
  -2.0064468705544187        2.4863984815389668       -1.3449929128716009     
  -2.0003109474028760        2.4903911861741705       -1.3488090532271018     
  -1.9941750242513334        2.4944095469471121       -1.3525744116840983     
  -1.9880391010997909        2.4984535708023836       -1.3562888464789731     
  -1.9819031779482483        2.5025232631180216       -1.3599522177653556     
  -1.9757672547967058        2.5066186276812146       -1.3635643876193873     
  -1.9696313316451632        2.5107396666639832       -1.3671252200449149     
  -1.9634954084936207        2.5148863805988504       -1.3706345809786098     
  -1.9573594853420782        2.5190587683544927       -1.3740923382950170     
  -1.9512235621905356        2.5232568271113847       -1.3774983618115273     
  -1.9450876390389931        2.5274805523374373       -1.3808525232932807     
  -1.9389517158874505        2.5317299377636382       -1.3841546964579932     
  -1.9328157927359080        2.5360049753596923       -1.3874047569807115     
  -1.9266798695843652        2.5403056553096719       -1.3906025824984936     
  -1.9205439464328227        2.5446319659876804       -1.3937480526150166     
  -1.9144080232812801        2.5489838939335319       -1.3968410489051080     
  -1.9082721001297376        2.5533614238284508       -1.3998814549192060     
  -1.9021361769781950        2.5577645384708032       -1.4028691561877427     
  -1.8960002538266525        2.5621932187518528       -1.4058040402254535     
  -1.8898643306751099        2.5666474436315552       -1.4086859965356133     
  -1.8837284075235674        2.5711271901143959       -1.4115149166141963     
  -1.8775924843720249        2.5756324332252682       -1.4142906939539603     
  -1.8714565612204823        2.5801631459854075       -1.4170132240484572     
  -1.8653206380689396        2.5847192993883747       -1.4196824043959679     
  -1.8591847149173970        2.5893008623761067       -1.4222981345033607     
  -1.8530487917658545        2.5939078018150283       -1.4248603158898758     
  -1.8469128686143119        2.5985400824722360       -1.4273688520908316     
  -1.8407769454627694        2.6031976669917594       -1.4298236486612583     
  -1.8346410223112268        2.6078805158709040       -1.4322246131794529     
  -1.8285050991596843        2.6125885874366772       -1.4345716552504577     
  -1.8223691760081417        2.6173218378223129       -1.4368646865094656     
  -1.8162332528565992        2.6220802209438889       -1.4391036206251455     
  -1.8100973297050567        2.6268636884770498       -1.4412883733028936     
  -1.8039614065535141        2.6316721898338393       -1.4434188622880062     
  -1.7978254834019713        2.6365056721396445       -1.4454950073687773     
  -1.7916895602504288        2.6413640802102645       -1.4475167303795184     
  -1.7855536370988863        2.6462473565291029       -1.4494839552035002     
  -1.7794177139473437        2.6511554412244913       -1.4513966077758202     
  -1.7732817907958012        2.6560882720471528       -1.4532546160861901     
  -1.7671458676442586        2.6610457843478068       -1.4550579101816472     
  -1.7610099444927161        2.6660279110549272       -1.4568064221691881     
  -1.7548740213411735        2.6710345826526503       -1.4585000862183244     
  -1.7487380981896310        2.6760657271588526       -1.4601388385635625     
  -1.7426021750380885        2.6811212701033855       -1.4617226175068025     
  -1.7364662518865459        2.6862011345064967       -1.4632513634196622     
  -1.7303303287350031        2.6913052408574218       -1.4647250187457224     
  -1.7241944055834606        2.6964335070931642       -1.4661435280026922     
  -1.7180584824319181        2.7015858485774742       -1.4675068377845006     
  -1.7119225592803755        2.7067621780800160       -1.4688148967633050     
  -1.7057866361288330        2.7119624057557510       -1.4700676556914234     
  -1.6996507129772904        2.7171864391245237       -1.4712650674031909     
  -1.6935147898257479        2.7224341830508720       -1.4724070868167325     
  -1.6873788666742053        2.7277055397240599       -1.4734936709356639     
  -1.6812429435226628        2.7330004086383388       -1.4745247788507063     
  -1.6751070203711202        2.7383186865734510       -1.4755003717412296     
  -1.6689710972195777        2.7436602675753736       -1.4764204128767133     
  -1.6628351740680349        2.7490250429373133       -1.4772848676181285     
  -1.6566992509164924        2.7544129011809608       -1.4780937034192423     
  -1.6505633277649499        2.7598237280380085       -1.4788468898278446     
  -1.6444274046134073        2.7652574064319349       -1.4795443984868923     
  -1.6382914814618648        2.7707138164600722       -1.4801862031355790     
  -1.6321555583103222        2.7761928353759528       -1.4807722796103220     
  -1.6260196351587797        2.7816943375719489       -1.4813026058456740     
  -1.6198837120072371        2.7872181945622101       -1.4817771618751512     
  -1.6137477888556946        2.7927642749659016       -1.4821959298319876     
  -1.6076118657041520        2.7983324444907574       -1.4825588939498067     
  -1.6014759425526093        2.8039225659169484       -1.4828660405632137     
  -1.5953400194010667        2.8095344990812752       -1.4831173581083132     
  -1.5892040962495242        2.8151681008616936       -1.4833128371231412     
  -1.5830681730979816        2.8208232251621763       -1.4834524702480232     
  -1.5769322499464391        2.8264997228979212       -1.4835362522258513     
  -1.5707963267948966        2.8321974419809068       -1.4835641799022810     
  -1.5646604036433540        2.8379162273058141       -1.4835362522258513     
  -1.5585244804918115        2.8436559207363046       -1.4834524702480232     
  -1.5523885573402689        2.8494163610916772       -1.4833128371231412     
  -1.5462526341887264        2.8551973841338985       -1.4831173581083132     
  -1.5401167110371838        2.8609988225550240       -1.4828660405632137     
  -1.5339807878856411        2.8668205059650069       -1.4825588939498067     
  -1.5278448647340985        2.8726622608799079       -1.4821959298319876     
  -1.5217089415825560        2.8785239107105114       -1.4817771618751512     
  -1.5155730184310134        2.8844052757513530       -1.4813026058456740     
  -1.5094370952794709        2.8903061731701665       -1.4807722796103220     
  -1.5033011721279284        2.8962264169977576       -1.4801862031355790     
  -1.4971652489763858        2.9021658181183088       -1.4795443984868923     
  -1.4910293258248433        2.9081241842601244       -1.4788468898278446     
  -1.4848934026733007        2.9141013199868211       -1.4780937034192423     
  -1.4787574795217582        2.9200970266889712       -1.4772848676181285     
  -1.4726215563702154        2.9261111025762041       -1.4764204128767133     
  -1.4664856332186729        2.9321433426697734       -1.4755003717412296     
  -1.4603497100671303        2.9381935387955966       -1.4745247788507063     
  -1.4542137869155878        2.9442614795777722       -1.4734936709356639     
  -1.4480778637640452        2.9503469504325817       -1.4724070868167325     
  -1.4419419406125027        2.9564497335629834       -1.4712650674031909     
  -1.4358060174609601        2.9625696079536015       -1.4700676556914234     
  -1.4296700943094176        2.9687063493662227       -1.4688148967633050     
  -1.4235341711578751        2.9748597303357975       -1.4675068377845006     
  -1.4173982480063325        2.9810295201669601       -1.4661435280026922     
  -1.4112623248547900        2.9872154849310726       -1.4647250187457224     
  -1.4051264017032472        2.9934173874637917       -1.4632513634196622     
  -1.3989904785517047        2.9996349873631738       -1.4617226175068025     
  -1.3928545554001621        3.0058680409883185       -1.4601388385635625     
  -1.3867186322486196        3.0121163014585566       -1.4585000862183244     
  -1.3805827090970770        3.0183795186531923       -1.4568064221691881     
  -1.3744467859455345        3.0246574392117980       -1.4550579101816472     
  -1.3683108627939919        3.0309498065350771       -1.4532546160861901     
  -1.3621749396424494        3.0372563607862904       -1.4513966077758202     
  -1.3560390164909069        3.0435768388932596       -1.4494839552035002     
  -1.3499030933393643        3.0499109745509467       -1.4475167303795184     
  -1.3437671701878218        3.0562584982246195       -1.4454950073687773     
  -1.3376312470362790        3.0626191371536060       -1.4434188622880062     
  -1.3314953238847365        3.0689926153556430       -1.4412883733028936     
  -1.3253594007331939        3.0753786536318262       -1.4391036206251455     
  -1.3192234775816514        3.0817769695721600       -1.4368646865094656     
  -1.3130875544301088        3.0881872775617212       -1.4345716552504577     
  -1.3069516312785663        3.0946092887874346       -1.4322246131794529     
  -1.3008157081270237        3.1010427112454657       -1.4298236486612583     
  -1.2946797849754812        3.1074872497492394       -1.4273688520908316     
  -1.2885438618239387        3.1139426059380830       -1.4248603158898756     
  -1.2824079386723961        3.1204084782865023       -1.4222981345033607     
  -1.2762720155208536        3.1268845621140917       -1.4196824043959679     
  -1.2701360923693108        3.1333705495960875       -1.4170132240484572     
  -1.2640001692177683        3.1398661297745591       -1.4142906939539601     
  -1.2578642460662257        3.1463709885702533       -1.4115149166141963     
  -1.2517283229146832        3.1528848087950854       -1.4086859965356133     
  -1.2455923997631406        3.1594072701652864       -1.4058040402254532     
  -1.2394564766115981        3.1659380493152089       -1.4028691561877424     
  -1.2333205534600555        3.1724768198117923       -1.3998814549192060     
  -1.2271846303085130        3.1790232521696913       -1.3968410489051080     
  -1.2210487071569704        3.1855770138670763       -1.3937480526150166     
  -1.2149127840054279        3.1921377693620974       -1.3906025824984936     
  -1.2087768608538851        3.1987051801100268       -1.3874047569807113     
  -1.2026409377023426        3.2052789045810726       -1.3841546964579932     
  -1.1965050145508001        3.2118585982788712       -1.3808525232932807     
  -1.1903690913992575        3.2184439137596601       -1.3774983618115271     
  -1.1842331682477150        3.2250345006521330       -1.3740923382950170     
  -1.1780972450961724        3.2316300056779776       -1.3706345809786098     
  -1.1719613219446299        3.2382300726730975       -1.3671252200449147     
  -1.1658253987930873        3.2448343426095270       -1.3635643876193873     
  -1.1596894756415448        3.2514424536180271       -1.3599522177653556     
  -1.1535535524900022        3.2580540410113779       -1.3562888464789731     
  -1.1474176293384597        3.2646687373083574       -1.3525744116840983     
  -1.1412817061869169        3.2712861722584168       -1.3488090532271015     
  -1.1351457830353744        3.2779059728670417       -1.3449929128716009     
  -1.1290098598838318        3.2845277634218153       -1.3411261342931238     
  -1.1228739367322893        3.2911511655191701       -1.3372088630736982     
  -1.1167380135807468        3.2977757980918336       -1.3332412466963710     
  -1.1106020904292042        3.3044012774369689       -1.3292234345396570     
  -1.1044661672776617        3.3110272172450124       -1.3251555778719126     
  -1.0983302441261191        3.3176532286292000       -1.3210378298456424     
  -1.0921943209745766        3.3242789201557907       -1.3168703454917319     
  -1.0860583978230340        3.3309038978749794       -1.3126532817136121     
  -1.0799224746714913        3.3375277653525064       -1.3083867972813499     
  -1.0737865515199487        3.3441501237019513       -1.3040710528256736     
  -1.0676506283684062        3.3507705716177223       -1.2997062108319224     
  -1.0615147052168636        3.3573887054087290       -1.2952924356339302     
  -1.0553787820653211        3.3640041190327450       -1.2908298934078386     
  -1.0492428589137786        3.3706164041314528       -1.2863187521658404     
  -1.0431069357622360        3.3772251500661725       -1.2817591817498530     
  -1.0369710126106935        3.3838299439542729       -1.2771513538251265     
  -1.0308350894591509        3.3904303707062549       -1.2724954418737771     
  -1.0246991663076084        3.3970260130635159       -1.2677916211882585     
  -1.0185632431560658        3.4036164516367853       -1.2630400688647607     
  -1.0124273200045231        3.4102012649452296       -1.2582409637965433     
  -1.0062913968529805        3.4167800294562207       -1.2533944866671998     
  -1.0001554737014380        3.4233523196257742       -1.2485008199438545     
 -0.99401955054989544        3.4299177079396403       -1.2435601478702940     
 -0.98788362739835289        3.4364757649550541       -1.2385726564600295     
 -0.98174770424681035        3.4430260593431354       -1.2335385334892930     
 -0.97561178109526780        3.4495681579319388       -1.2284579684899697     
 -0.96947585794372526        3.4561016257501422       -1.2233311527424597     
 -0.96333993479218261        3.4626260260713777       -1.2181582792684784     
 -0.95720401164064006        3.4691409204591936       -1.2129395428237890     
 -0.95106808848909752        3.4756458688126464       -1.2076751398908681     
 -0.94493216533755497        3.4821404294125129       -1.2023652686715112     
 -0.93879624218601243        3.4886241589681237       -1.1970101290793682     
 -0.93266031903446978        3.4950966126648053       -1.1916099227324184     
 -0.92652439588292723        3.5015573442119301       -1.1861648529453785     
 -0.92038847273138469        3.5080059058915651       -1.1806751247220479     
 -0.91425254957984214        3.5144418486077171       -1.1751409447475925     
 -0.90811662642829960        3.5208647219361584       -1.1695625213807590     
 -0.90198070327675706        3.5272740741748412       -1.1639400646460352     
 -0.89584478012521440        3.5336694523948786       -1.1582737862257388     
 -0.88970885697367186        3.5400504024920956       -1.1525638994520504     
 -0.88357293382212931        3.5464164692391371       -1.1468106192989793     
 -0.87743701067058677        3.5527671963381291       -1.1410141623742713     
 -0.87130108751904423        3.5591021264738791       -1.1351747469112541     
 -0.86516516436750157        3.5654208013676207       -1.1292925927606188     
 -0.85902924121595903        3.5717227618312739       -1.1233679213821448     
 -0.85289331806441648        3.5780075478222355       -1.1174009558363609     
 -0.84675739491287394        3.5842746984986738       -1.1113919207761473     
 -0.84062147176133140        3.5905237522753244       -1.1053410424382781     
 -0.83448554860978885        3.5967542468797840       -1.0992485486349022     
 -0.82834962545824620        3.6029657194092817       -1.0931146687449678     
 -0.82221370230670365        3.6091577063879288       -1.0869396337055861     
 -0.81607777915516111        3.6153297438244314       -1.0807236760033363     
 -0.80994185600361857        3.6214813672702579       -1.0744670296655121     
 -0.80380593285207602        3.6276121118782529       -1.0681699302513126     
 -0.79767000970053337        3.6337215124616824       -1.0618326148429711     
 -0.79153408654899082        3.6398091035537083       -1.0554553220368310     
 -0.78539816339744828        3.6458744194672730       -1.0490382919343619     
 -0.77926224024590574        3.6519169943553891       -1.0425817661331205     
 -0.77312631709436319        3.6579363622718217       -1.0360859877176538     
 -0.76699039394282054        3.6639320572321505       -1.0295512012503474     
 -0.76085447079127799        3.6699036132752036       -1.0229776527622185     
 -0.75471854763973545        3.6758505645248500       -1.0163655897436530     
 -0.74858262448819290        3.6817724452521379       -1.0097152611350855     
 -0.74244670133665036        3.6876687899377689       -1.0030269173176296     
 -0.73631077818510771        3.6935391333348986      -0.99630081010364968     
 -0.73017485503356516        3.6993830105322432      -0.98953719272728102     
 -0.72403893188202262        3.7051999570174896      -0.98273631983489496     
 -0.71790300873048007        3.7109895087409912      -0.97589844747551169     
 -0.71176708557893753        3.7167512021797364      -0.96902383309116114     
 -0.70563116242739499        3.7224845744015820      -0.96211273550718923     
 -0.69949523927585233        3.7281891631297310      -0.95516541492251361     
 -0.69335931612430979        3.7338645068074503      -0.94818213289982800     
 -0.68722339297276724        3.7395101446630066      -0.94116315235575343     
 -0.68108746982122470        3.7451256167748173      -0.93410873755094004     
 -0.67495154666968216        3.7507104641367892      -0.92701915408011848     
 -0.66881562351813950        3.7562642287238495      -0.91989466886209903     
 -0.66267970036659696        3.7617864535576349      -0.91273555012972341     
 -0.65654377721505441        3.7672766827723438      -0.90554206741976584     
 -0.65040785406351187        3.7727344616807255      -0.89831449156278431     
 -0.64427193091196933        3.7781593368401962      -0.89105309467292482     
 -0.63813600776042678        3.7835508561190689      -0.88375815013767611     
 -0.63200008460888413        3.7889085687628805      -0.87642993260757662     
 -0.62586416145734158        3.7942320254608042      -0.86906871798587504     
 -0.61972823830579904        3.7995207784121288      -0.86167478341814063     
 -0.61359231515425650        3.8047743813927974      -0.85424840728183138     
 -0.60745639200271395        3.8099923898219830      -0.84678986917581078     
 -0.60132046885117130        3.8151743608286868      -0.83929944990982341     
 -0.59518454569962875        3.8203198533183560      -0.83177743149392103     
 -0.58904862254808621        3.8254284280394870      -0.82422409712784517     
 -0.58291269939654367        3.8304996476502184      -0.81663973119036615     
 -0.57677677624500112        3.8355330767848805      -0.80902461922857416     
 -0.57064085309345847        3.8405282821205047      -0.80137904794713077     
 -0.56450492994191592        3.8454848324432596      -0.79370330519747356     
 -0.55836900679037338        3.8504022987148137      -0.78599767996697845     
 -0.55223308363883084        3.8552802541385973      -0.77826246236808061     
 -0.54609716048728829        3.8601182742259592      -0.77049794362735002     
 -0.53996123733574564        3.8649159368621913      -0.76270441607452910     
 -0.53382531418420309        3.8696728223724168      -0.75488217313152517     
 -0.52768939103266055        3.8743885135873164      -0.74703150930136419     
 -0.52155346788111800        3.8790625959086871      -0.73915272015710187     
 -0.51541754472957546        3.8836946573748095      -0.73124610233069642     
 -0.50928162157803292        3.8882842887256088      -0.72331195350184019     
 -0.50314569842649026        3.8928310834676045      -0.71535057238675204     
 -0.49700977527494772        3.8973346379386160      -0.70736225872693148     
 -0.49087385212340517        3.9017945513722232      -0.69934731327787247     
 -0.48473792897186263        3.9062104259619614      -0.69130603779774147     
 -0.47860200582032003        3.9105818669252286      -0.68323873503601495     
 -0.47246608266877749        3.9149084825669029      -0.67514570872208257     
 -0.46633015951723489        3.9191898843426416      -0.66702726355381048     
 -0.46019423636569234        3.9234256869218544      -0.65888370518607109     
 -0.45405831321414980        3.9276155082503323      -0.65071534021923405     
 -0.44792239006260720        3.9317589696125150      -0.64252247618762337     
 -0.44178646691106466        3.9358556956933874      -0.63430542154793956     
 -0.43565054375952211        3.9399053146399821      -0.62606448566764528     
 -0.42951462060797951        3.9439074581224771      -0.61779997881331872     
 -0.42337869745643697        3.9478617613948734      -0.60951221213897178     
 -0.41724277430489443        3.9517678633552369      -0.60120149767433551     
 -0.41110685115335183        3.9556254066054861      -0.59286814831311219     
 -0.40497092800180928        3.9594340375107158      -0.58451247780119542     
 -0.39883500485026668        3.9631934062580378      -0.57613480072485723     
 -0.39269908169872414        3.9669031669149271      -0.56773543249890446     
 -0.38656315854718160        3.9705629774870523      -0.55931468935480333     
 -0.38042723539563900        3.9741724999755843      -0.55087288832877412     
 -0.37429131224409645        3.9777314004339623      -0.54241034724985382     
 -0.36815538909255385        3.9812393490241029      -0.53392738472793111     
 -0.36201946594101131        3.9846960200720409      -0.52542432014175044     
 -0.35588354278946877        3.9881010921229860      -0.51690147362688743     
 -0.34974761963792617        3.9914542479957769      -0.50835916606369624     
 -0.34361169648638362        3.9947551748367287      -0.49979771906522863     
 -0.33747577333484108        3.9980035641728477      -0.49121745496512492     
 -0.33133985018329848        4.0011991119644090      -0.48261869680547897     
 -0.32520392703175593        4.0043415186568785      -0.47400176832467561     
 -0.31906800388021339        4.0074304892321635      -0.46536699394520170     
 -0.31293208072867079        4.0104657332591875      -0.45671469876143206     
 -0.30679615757712825        4.0134469649437667      -0.44804520852739049     
 -0.30066023442558565        4.0163739031777785      -0.43935884964448380     
 -0.29452431127404310        4.0192462715876065      -0.43065594914921468     
 -0.28838838812250056        4.0220637985818559      -0.42193683470086801     
 -0.28225246497095796        4.0248262173983216      -0.41320183456917425     
 -0.27611654181941542        4.0275332661501935      -0.40445127762195177     
 -0.26998061866787282        4.0301846878714906      -0.39568549331272351     
 -0.26384469551633027        4.0327802305617180      -0.38690481166831447     
 -0.25770877236478773        4.0353196472297181      -0.37810956327642553     
 -0.25157284921324513        4.0378026959367261      -0.36930007927318764     
 -0.24543692606170259        4.0402291398385906      -0.36047669133069438     
 -0.23930100291016002        4.0425987472271832      -0.35163973164451473     
 -0.23316507975861744        4.0449112915709513      -0.34278953292118625     
 -0.22702915660707490        4.0471665515546258      -0.33392642836568875     
 -0.22089323345553233        4.0493643111180608      -0.32505075166889924     
 -0.21475731030398976        4.0515043594942064      -0.31616283699502884     
 -0.20862138715244721        4.0535864912461923      -0.30726301896904151     
 -0.20248546400090464        4.0556105063035170      -0.29835163266405573     
 -0.19634954084936207        4.0575762099973360      -0.28942901358872919     
 -0.19021361769781950        4.0594834130948358      -0.28049549767462700     
 -0.18407769454627693        4.0613319318326839      -0.27155142126357407     
 -0.17794177139473438        4.0631215879495466      -0.26259712109499200     
 -0.17180584824319181        4.0648522087176655      -0.25363293429322126     
 -0.16566992509164924        4.0665236269734901      -0.24465919835482827     
 -0.15953400194010670        4.0681356811473419      -0.23567625113589913     
 -0.15339807878856412        4.0696882152921221      -0.22668443083931952     
 -0.14726215563702155        4.0711810791110405      -0.21768407600204134     
 -0.14112623248547898        4.0726141279843642      -0.20867552548233720     
 -0.13499030933393641        4.0739872229951750      -0.19965911844704257     
 -0.12885438618239387        4.0753002309541362      -0.19063519435878620     
 -0.12271846303085129        4.0765530244232506      -0.18160409296320967     
 -0.11658253987930872        4.0777454817386118      -0.17256615427617608     
 -0.11044661672776616        4.0788774870321403      -0.16352171857096884     
 -0.10431069357622361        4.0799489302522964      -0.15447112636548022     
  -9.8174770424681035E-002   4.0809597071837667      -0.14541471840939135     
  -9.2038847273138463E-002   4.0819097194661156      -0.13635283567134313     
  -8.5902924121595906E-002   4.0827988746114059      -0.12728581932609881     
  -7.9767000970053348E-002   4.0836270860207629      -0.11821401074169910     
  -7.3631077818510776E-002   4.0843942729999068      -0.10913775146660980     
  -6.7495154666968205E-002   4.0851003607736196      -0.10005738321686265     
  -6.1359231515425647E-002   4.0857452804991672       -9.0973247863190096E-002
  -5.5223308363883082E-002   4.0863289692786520       -8.1885687418153760E-002
  -4.9087385212340517E-002   4.0868513701703115       -7.2795044023268113E-002
  -4.2951462060797953E-002   4.0873124321987442       -6.3701659936118898E-002
  -3.6815538909255388E-002   4.0877121103640688       -5.4605877517477433E-002
  -3.0679615757712823E-002   4.0880503656500116       -4.5508039218410803E-002
  -2.4543692606170259E-002   4.0883271650309227       -3.6408487567388834E-002
  -1.8407769454627694E-002   4.0885424814777123       -2.7307565157388115E-002
  -1.2271846303085129E-002   4.0886962939627107       -1.8205614632993524E-002
  -6.1359231515425647E-003   4.0887885874634531       -9.1029786774978541E-003
   0.0000000000000000        4.0888193529653787        0.0000000000000000     
   6.1359231515425647E-003   4.0887885874634531        9.1029786774978541E-003
   1.2271846303085129E-002   4.0886962939627107        1.8205614632993524E-002
   1.8407769454627694E-002   4.0885424814777123        2.7307565157388115E-002
   2.4543692606170259E-002   4.0883271650309227        3.6408487567388834E-002
   3.0679615757712823E-002   4.0880503656500116        4.5508039218410803E-002
   3.6815538909255388E-002   4.0877121103640688        5.4605877517477433E-002
   4.2951462060797953E-002   4.0873124321987442        6.3701659936118898E-002
   4.9087385212340517E-002   4.0868513701703115        7.2795044023268113E-002
   5.5223308363883082E-002   4.0863289692786520        8.1885687418153760E-002
   6.1359231515425647E-002   4.0857452804991672        9.0973247863190096E-002
   6.7495154666968205E-002   4.0851003607736196       0.10005738321686265     
   7.3631077818510776E-002   4.0843942729999068       0.10913775146660980     
   7.9767000970053348E-002   4.0836270860207629       0.11821401074169910     
   8.5902924121595906E-002   4.0827988746114059       0.12728581932609881     
   9.2038847273138463E-002   4.0819097194661156       0.13635283567134313     
   9.8174770424681035E-002   4.0809597071837667       0.14541471840939135     
  0.10431069357622361        4.0799489302522964       0.15447112636548022     
  0.11044661672776616        4.0788774870321403       0.16352171857096884     
  0.11658253987930872        4.0777454817386118       0.17256615427617608     
  0.12271846303085129        4.0765530244232506       0.18160409296320967     
  0.12885438618239387        4.0753002309541362       0.19063519435878620     
  0.13499030933393641        4.0739872229951750       0.19965911844704257     
  0.14112623248547898        4.0726141279843642       0.20867552548233720     
  0.14726215563702155        4.0711810791110405       0.21768407600204134     
  0.15339807878856412        4.0696882152921221       0.22668443083931952     
  0.15953400194010670        4.0681356811473419       0.23567625113589913     
  0.16566992509164924        4.0665236269734901       0.24465919835482827     
  0.17180584824319181        4.0648522087176655       0.25363293429322126     
  0.17794177139473438        4.0631215879495466       0.26259712109499200     
  0.18407769454627693        4.0613319318326839       0.27155142126357407     
  0.19021361769781950        4.0594834130948358       0.28049549767462700     
  0.19634954084936207        4.0575762099973360       0.28942901358872919     
  0.20248546400090464        4.0556105063035170       0.29835163266405573     
  0.20862138715244721        4.0535864912461923       0.30726301896904151     
  0.21475731030398976        4.0515043594942064       0.31616283699502884     
  0.22089323345553233        4.0493643111180608       0.32505075166889924     
  0.22702915660707490        4.0471665515546258       0.33392642836568875     
  0.23316507975861744        4.0449112915709513       0.34278953292118625     
  0.23930100291016002        4.0425987472271832       0.35163973164451473     
  0.24543692606170259        4.0402291398385906       0.36047669133069438     
  0.25157284921324513        4.0378026959367261       0.36930007927318764     
  0.25770877236478773        4.0353196472297181       0.37810956327642553     
  0.26384469551633027        4.0327802305617180       0.38690481166831447     
  0.26998061866787282        4.0301846878714906       0.39568549331272351     
  0.27611654181941542        4.0275332661501935       0.40445127762195177     
  0.28225246497095796        4.0248262173983216       0.41320183456917425     
  0.28838838812250056        4.0220637985818559       0.42193683470086801     
  0.29452431127404310        4.0192462715876065       0.43065594914921468     
  0.30066023442558565        4.0163739031777785       0.43935884964448380     
  0.30679615757712825        4.0134469649437667       0.44804520852739049     
  0.31293208072867079        4.0104657332591875       0.45671469876143206     
  0.31906800388021339        4.0074304892321635       0.46536699394520170     
  0.32520392703175593        4.0043415186568785       0.47400176832467561     
  0.33133985018329848        4.0011991119644090       0.48261869680547897     
  0.33747577333484108        3.9980035641728477       0.49121745496512492     
  0.34361169648638362        3.9947551748367287       0.49979771906522863     
  0.34974761963792617        3.9914542479957769       0.50835916606369624     
  0.35588354278946877        3.9881010921229860       0.51690147362688743     
  0.36201946594101131        3.9846960200720409       0.52542432014175044     
  0.36815538909255385        3.9812393490241029       0.53392738472793111     
  0.37429131224409645        3.9777314004339623       0.54241034724985382     
  0.38042723539563900        3.9741724999755843       0.55087288832877412     
  0.38656315854718160        3.9705629774870523       0.55931468935480333     
  0.39269908169872414        3.9669031669149271       0.56773543249890446     
  0.39883500485026668        3.9631934062580378       0.57613480072485723     
  0.40497092800180928        3.9594340375107158       0.58451247780119542     
  0.41110685115335183        3.9556254066054861       0.59286814831311219     
  0.41724277430489443        3.9517678633552369       0.60120149767433551     
  0.42337869745643697        3.9478617613948734       0.60951221213897178     
  0.42951462060797951        3.9439074581224771       0.61779997881331872     
  0.43565054375952211        3.9399053146399821       0.62606448566764528     
  0.44178646691106466        3.9358556956933874       0.63430542154793956     
  0.44792239006260720        3.9317589696125150       0.64252247618762337     
  0.45405831321414980        3.9276155082503323       0.65071534021923405     
  0.46019423636569234        3.9234256869218544       0.65888370518607109     
  0.46633015951723489        3.9191898843426416       0.66702726355381048     
  0.47246608266877749        3.9149084825669029       0.67514570872208257     
  0.47860200582032003        3.9105818669252286       0.68323873503601495     
  0.48473792897186263        3.9062104259619614       0.69130603779774147     
  0.49087385212340517        3.9017945513722232       0.69934731327787247     
  0.49700977527494772        3.8973346379386160       0.70736225872693148     
  0.50314569842649026        3.8928310834676045       0.71535057238675204     
  0.50928162157803292        3.8882842887256088       0.72331195350184019     
  0.51541754472957546        3.8836946573748095       0.73124610233069642     
  0.52155346788111800        3.8790625959086871       0.73915272015710187     
  0.52768939103266055        3.8743885135873164       0.74703150930136419     
  0.53382531418420309        3.8696728223724168       0.75488217313152517     
  0.53996123733574564        3.8649159368621913       0.76270441607452910     
  0.54609716048728829        3.8601182742259592       0.77049794362735002     
  0.55223308363883084        3.8552802541385973       0.77826246236808061     
  0.55836900679037338        3.8504022987148137       0.78599767996697845     
  0.56450492994191592        3.8454848324432596       0.79370330519747356     
  0.57064085309345847        3.8405282821205047       0.80137904794713077     
  0.57677677624500112        3.8355330767848805       0.80902461922857416     
  0.58291269939654367        3.8304996476502184       0.81663973119036615     
  0.58904862254808621        3.8254284280394870       0.82422409712784517     
  0.59518454569962875        3.8203198533183560       0.83177743149392103     
  0.60132046885117130        3.8151743608286868       0.83929944990982341     
  0.60745639200271395        3.8099923898219830       0.84678986917581078     
  0.61359231515425650        3.8047743813927974       0.85424840728183138     
  0.61972823830579904        3.7995207784121288       0.86167478341814063     
  0.62586416145734158        3.7942320254608042       0.86906871798587504     
  0.63200008460888413        3.7889085687628805       0.87642993260757662     
  0.63813600776042678        3.7835508561190689       0.88375815013767611     
  0.64427193091196933        3.7781593368401962       0.89105309467292482     
  0.65040785406351187        3.7727344616807255       0.89831449156278431     
  0.65654377721505441        3.7672766827723438       0.90554206741976584     
  0.66267970036659696        3.7617864535576349       0.91273555012972341     
  0.66881562351813950        3.7562642287238495       0.91989466886209903     
  0.67495154666968216        3.7507104641367892       0.92701915408011848     
  0.68108746982122470        3.7451256167748173       0.93410873755094004     
  0.68722339297276724        3.7395101446630066       0.94116315235575343     
  0.69335931612430979        3.7338645068074503       0.94818213289982800     
  0.69949523927585233        3.7281891631297310       0.95516541492251361     
  0.70563116242739499        3.7224845744015820       0.96211273550718923     
  0.71176708557893753        3.7167512021797364       0.96902383309116114     
  0.71790300873048007        3.7109895087409912       0.97589844747551169     
  0.72403893188202262        3.7051999570174896       0.98273631983489496     
  0.73017485503356516        3.6993830105322432       0.98953719272728102     
  0.73631077818510771        3.6935391333348986       0.99630081010364968     
  0.74244670133665036        3.6876687899377689        1.0030269173176296     
  0.74858262448819290        3.6817724452521379        1.0097152611350855     
  0.75471854763973545        3.6758505645248500        1.0163655897436530     
  0.76085447079127799        3.6699036132752036        1.0229776527622185     
  0.76699039394282054        3.6639320572321505        1.0295512012503474     
  0.77312631709436319        3.6579363622718217        1.0360859877176538     
  0.77926224024590574        3.6519169943553891        1.0425817661331205     
  0.78539816339744828        3.6458744194672730        1.0490382919343619     
  0.79153408654899082        3.6398091035537083        1.0554553220368310     
  0.79767000970053337        3.6337215124616824        1.0618326148429711     
  0.80380593285207602        3.6276121118782529        1.0681699302513126     
  0.80994185600361857        3.6214813672702579        1.0744670296655121     
  0.81607777915516111        3.6153297438244314        1.0807236760033363     
  0.82221370230670365        3.6091577063879288        1.0869396337055861     
  0.82834962545824620        3.6029657194092817        1.0931146687449678     
  0.83448554860978885        3.5967542468797840        1.0992485486349022     
  0.84062147176133140        3.5905237522753244        1.1053410424382781     
  0.84675739491287394        3.5842746984986738        1.1113919207761473     
  0.85289331806441648        3.5780075478222355        1.1174009558363609     
  0.85902924121595903        3.5717227618312739        1.1233679213821448     
  0.86516516436750157        3.5654208013676207        1.1292925927606188     
  0.87130108751904423        3.5591021264738791        1.1351747469112541     
  0.87743701067058677        3.5527671963381291        1.1410141623742713     
  0.88357293382212931        3.5464164692391371        1.1468106192989793     
  0.88970885697367186        3.5400504024920956        1.1525638994520504     
  0.89584478012521440        3.5336694523948786        1.1582737862257388     
  0.90198070327675706        3.5272740741748412        1.1639400646460352     
  0.90811662642829960        3.5208647219361584        1.1695625213807590     
  0.91425254957984214        3.5144418486077171        1.1751409447475925     
  0.92038847273138469        3.5080059058915651        1.1806751247220479     
  0.92652439588292723        3.5015573442119301        1.1861648529453785     
  0.93266031903446978        3.4950966126648053        1.1916099227324184     
  0.93879624218601243        3.4886241589681237        1.1970101290793682     
  0.94493216533755497        3.4821404294125129        1.2023652686715112     
  0.95106808848909752        3.4756458688126464        1.2076751398908681     
  0.95720401164064006        3.4691409204591936        1.2129395428237890     
  0.96333993479218261        3.4626260260713777        1.2181582792684784     
  0.96947585794372526        3.4561016257501422        1.2233311527424597     
  0.97561178109526780        3.4495681579319388        1.2284579684899697     
  0.98174770424681035        3.4430260593431354        1.2335385334892930     
  0.98788362739835289        3.4364757649550541        1.2385726564600295     
  0.99401955054989544        3.4299177079396403        1.2435601478702940     
   1.0001554737014380        3.4233523196257742        1.2485008199438545     
   1.0062913968529805        3.4167800294562207        1.2533944866671998     
   1.0124273200045231        3.4102012649452296        1.2582409637965433     
   1.0185632431560658        3.4036164516367853        1.2630400688647607     
   1.0246991663076084        3.3970260130635159        1.2677916211882585     
   1.0308350894591509        3.3904303707062549        1.2724954418737771     
   1.0369710126106935        3.3838299439542729        1.2771513538251265     
   1.0431069357622360        3.3772251500661725        1.2817591817498530     
   1.0492428589137786        3.3706164041314528        1.2863187521658404     
   1.0553787820653211        3.3640041190327450        1.2908298934078386     
   1.0615147052168636        3.3573887054087290        1.2952924356339302     
   1.0676506283684062        3.3507705716177223        1.2997062108319224     
   1.0737865515199487        3.3441501237019513        1.3040710528256736     
   1.0799224746714913        3.3375277653525064        1.3083867972813499     
   1.0860583978230340        3.3309038978749794        1.3126532817136121     
   1.0921943209745766        3.3242789201557907        1.3168703454917319     
   1.0983302441261191        3.3176532286292000        1.3210378298456424     
   1.1044661672776617        3.3110272172450124        1.3251555778719126     
   1.1106020904292042        3.3044012774369689        1.3292234345396570     
   1.1167380135807468        3.2977757980918336        1.3332412466963710     
   1.1228739367322893        3.2911511655191701        1.3372088630736982     
   1.1290098598838318        3.2845277634218153        1.3411261342931238     
   1.1351457830353744        3.2779059728670417        1.3449929128716009     
   1.1412817061869169        3.2712861722584168        1.3488090532271015     
   1.1474176293384597        3.2646687373083574        1.3525744116840983     
   1.1535535524900022        3.2580540410113779        1.3562888464789731     
   1.1596894756415448        3.2514424536180271        1.3599522177653556     
   1.1658253987930873        3.2448343426095270        1.3635643876193873     
   1.1719613219446299        3.2382300726730975        1.3671252200449147     
   1.1780972450961724        3.2316300056779776        1.3706345809786098     
   1.1842331682477150        3.2250345006521330        1.3740923382950170     
   1.1903690913992575        3.2184439137596601        1.3774983618115271     
   1.1965050145508001        3.2118585982788712        1.3808525232932807     
   1.2026409377023426        3.2052789045810726        1.3841546964579932     
   1.2087768608538851        3.1987051801100268        1.3874047569807113     
   1.2149127840054279        3.1921377693620974        1.3906025824984936     
   1.2210487071569704        3.1855770138670763        1.3937480526150166     
   1.2271846303085130        3.1790232521696913        1.3968410489051080     
   1.2333205534600555        3.1724768198117923        1.3998814549192060     
   1.2394564766115981        3.1659380493152089        1.4028691561877424     
   1.2455923997631406        3.1594072701652864        1.4058040402254532     
   1.2517283229146832        3.1528848087950854        1.4086859965356133     
   1.2578642460662257        3.1463709885702533        1.4115149166141963     
   1.2640001692177683        3.1398661297745591        1.4142906939539601     
   1.2701360923693108        3.1333705495960875        1.4170132240484572     
   1.2762720155208536        3.1268845621140917        1.4196824043959679     
   1.2824079386723961        3.1204084782865023        1.4222981345033607     
   1.2885438618239387        3.1139426059380830        1.4248603158898756     
   1.2946797849754812        3.1074872497492394        1.4273688520908316     
   1.3008157081270237        3.1010427112454657        1.4298236486612583     
   1.3069516312785663        3.0946092887874346        1.4322246131794529     
   1.3130875544301088        3.0881872775617212        1.4345716552504577     
   1.3192234775816514        3.0817769695721600        1.4368646865094656     
   1.3253594007331939        3.0753786536318262        1.4391036206251455     
   1.3314953238847365        3.0689926153556430        1.4412883733028936     
   1.3376312470362790        3.0626191371536060        1.4434188622880062     
   1.3437671701878218        3.0562584982246195        1.4454950073687773     
   1.3499030933393643        3.0499109745509467        1.4475167303795184     
   1.3560390164909069        3.0435768388932596        1.4494839552035002     
   1.3621749396424494        3.0372563607862904        1.4513966077758202     
   1.3683108627939919        3.0309498065350771        1.4532546160861901     
   1.3744467859455345        3.0246574392117980        1.4550579101816472     
   1.3805827090970770        3.0183795186531923        1.4568064221691881     
   1.3867186322486196        3.0121163014585566        1.4585000862183244     
   1.3928545554001621        3.0058680409883185        1.4601388385635625     
   1.3989904785517047        2.9996349873631738        1.4617226175068025     
   1.4051264017032472        2.9934173874637917        1.4632513634196622     
   1.4112623248547900        2.9872154849310726        1.4647250187457224     
   1.4173982480063325        2.9810295201669601        1.4661435280026922     
   1.4235341711578751        2.9748597303357975        1.4675068377845006     
   1.4296700943094176        2.9687063493662227        1.4688148967633050     
   1.4358060174609601        2.9625696079536015        1.4700676556914234     
   1.4419419406125027        2.9564497335629834        1.4712650674031909     
   1.4480778637640452        2.9503469504325817        1.4724070868167325     
   1.4542137869155878        2.9442614795777722        1.4734936709356639     
   1.4603497100671303        2.9381935387955966        1.4745247788507063     
   1.4664856332186729        2.9321433426697734        1.4755003717412296     
   1.4726215563702154        2.9261111025762041        1.4764204128767133     
   1.4787574795217582        2.9200970266889712        1.4772848676181285     
   1.4848934026733007        2.9141013199868211        1.4780937034192423     
   1.4910293258248433        2.9081241842601244        1.4788468898278446     
   1.4971652489763858        2.9021658181183088        1.4795443984868923     
   1.5033011721279284        2.8962264169977576        1.4801862031355790     
   1.5094370952794709        2.8903061731701665        1.4807722796103220     
   1.5155730184310134        2.8844052757513530        1.4813026058456740     
   1.5217089415825560        2.8785239107105114        1.4817771618751512     
   1.5278448647340985        2.8726622608799079        1.4821959298319876     
   1.5339807878856411        2.8668205059650069        1.4825588939498067     
   1.5401167110371838        2.8609988225550240        1.4828660405632137     
   1.5462526341887264        2.8551973841338985        1.4831173581083132     
   1.5523885573402689        2.8494163610916772        1.4833128371231412     
   1.5585244804918115        2.8436559207363046        1.4834524702480232     
   1.5646604036433540        2.8379162273058141        1.4835362522258513     
   1.5707963267948966        2.8321974419809068        1.4835641799022810     
   1.5769322499464391        2.8264997228979212        1.4835362522258513     
   1.5830681730979816        2.8208232251621763        1.4834524702480232     
   1.5892040962495242        2.8151681008616936        1.4833128371231412     
   1.5953400194010667        2.8095344990812752        1.4831173581083132     
   1.6014759425526093        2.8039225659169484        1.4828660405632137     
   1.6076118657041520        2.7983324444907574        1.4825588939498067     
   1.6137477888556946        2.7927642749659016        1.4821959298319876     
   1.6198837120072371        2.7872181945622101        1.4817771618751512     
   1.6260196351587797        2.7816943375719489        1.4813026058456740     
   1.6321555583103222        2.7761928353759528        1.4807722796103220     
   1.6382914814618648        2.7707138164600722        1.4801862031355790     
   1.6444274046134073        2.7652574064319349        1.4795443984868923     
   1.6505633277649499        2.7598237280380085        1.4788468898278446     
   1.6566992509164924        2.7544129011809608        1.4780937034192423     
   1.6628351740680349        2.7490250429373133        1.4772848676181285     
   1.6689710972195777        2.7436602675753736        1.4764204128767133     
   1.6751070203711202        2.7383186865734510        1.4755003717412296     
   1.6812429435226628        2.7330004086383388        1.4745247788507063     
   1.6873788666742053        2.7277055397240599        1.4734936709356639     
   1.6935147898257479        2.7224341830508720        1.4724070868167325     
   1.6996507129772904        2.7171864391245237        1.4712650674031909     
   1.7057866361288330        2.7119624057557510        1.4700676556914234     
   1.7119225592803755        2.7067621780800160        1.4688148967633050     
   1.7180584824319181        2.7015858485774742        1.4675068377845006     
   1.7241944055834606        2.6964335070931642        1.4661435280026922     
   1.7303303287350031        2.6913052408574218        1.4647250187457224     
   1.7364662518865459        2.6862011345064967        1.4632513634196622     
   1.7426021750380885        2.6811212701033855        1.4617226175068025     
   1.7487380981896310        2.6760657271588526        1.4601388385635625     
   1.7548740213411735        2.6710345826526503        1.4585000862183244     
   1.7610099444927161        2.6660279110549272        1.4568064221691881     
   1.7671458676442586        2.6610457843478068        1.4550579101816472     
   1.7732817907958012        2.6560882720471528        1.4532546160861901     
   1.7794177139473437        2.6511554412244913        1.4513966077758202     
   1.7855536370988863        2.6462473565291029        1.4494839552035002     
   1.7916895602504288        2.6413640802102645        1.4475167303795184     
   1.7978254834019713        2.6365056721396445        1.4454950073687773     
   1.8039614065535141        2.6316721898338393        1.4434188622880062     
   1.8100973297050567        2.6268636884770498        1.4412883733028936     
   1.8162332528565992        2.6220802209438889        1.4391036206251455     
   1.8223691760081417        2.6173218378223129        1.4368646865094656     
   1.8285050991596843        2.6125885874366772        1.4345716552504577     
   1.8346410223112268        2.6078805158709040        1.4322246131794529     
   1.8407769454627694        2.6031976669917594        1.4298236486612583     
   1.8469128686143119        2.5985400824722360        1.4273688520908316     
   1.8530487917658545        2.5939078018150283        1.4248603158898758     
   1.8591847149173970        2.5893008623761067        1.4222981345033607     
   1.8653206380689396        2.5847192993883747        1.4196824043959679     
   1.8714565612204823        2.5801631459854075        1.4170132240484572     
   1.8775924843720249        2.5756324332252682        1.4142906939539603     
   1.8837284075235674        2.5711271901143959        1.4115149166141963     
   1.8898643306751099        2.5666474436315552        1.4086859965356133     
   1.8960002538266525        2.5621932187518528        1.4058040402254535     
   1.9021361769781950        2.5577645384708032        1.4028691561877427     
   1.9082721001297376        2.5533614238284508        1.3998814549192060     
   1.9144080232812801        2.5489838939335319        1.3968410489051080     
   1.9205439464328227        2.5446319659876804        1.3937480526150166     
   1.9266798695843652        2.5403056553096719        1.3906025824984936     
   1.9328157927359080        2.5360049753596923        1.3874047569807115     
   1.9389517158874505        2.5317299377636382        1.3841546964579932     
   1.9450876390389931        2.5274805523374373        1.3808525232932807     
   1.9512235621905356        2.5232568271113847        1.3774983618115273     
   1.9573594853420782        2.5190587683544927        1.3740923382950170     
   1.9634954084936207        2.5148863805988504        1.3706345809786098     
   1.9696313316451632        2.5107396666639832        1.3671252200449149     
   1.9757672547967058        2.5066186276812146        1.3635643876193873     
   1.9819031779482483        2.5025232631180216        1.3599522177653556     
   1.9880391010997909        2.4984535708023836        1.3562888464789731     
   1.9941750242513334        2.4944095469471121        1.3525744116840983     
   2.0003109474028760        2.4903911861741705        1.3488090532271018     
   2.0064468705544187        2.4863984815389668        1.3449929128716009     
   2.0125827937059610        2.4824314245546244        1.3411261342931240     
   2.0187187168575038        2.4784900052162206        1.3372088630736982     
   2.0248546400090461        2.4745742120249954        1.3332412466963712     
   2.0309905631605889        2.4706840320125205        1.3292234345396572     
   2.0371264863121317        2.4668194507648300        1.3251555778719126     
   2.0432624094636740        2.4629804524465069        1.3210378298456424     
   2.0493983326152168        2.4591670198247182        1.3168703454917319     
   2.0555342557667591        2.4553791342932056        1.3126532817136121     
   2.0616701789183018        2.4516167758962144        1.3083867972813501     
   2.0678061020698442        2.4478799233523700        1.3040710528256738     
   2.0739420252213869        2.4441685540784901        1.2997062108319224     
   2.0800779483729293        2.4404826442133318        1.2952924356339304     
   2.0862138715244720        2.4368221686412737        1.2908298934078388     
   2.0923497946760143        2.4331871010159269        1.2863187521658404     
   2.0984857178275571        2.4295774137836670        1.2817591817498533     
   2.1046216409790999        2.4259930782070978        1.2771513538251265     
   2.1107575641306422        2.4224340643884266        1.2724954418737771     
   2.1168934872821850        2.4189003412927619        1.2677916211882585     
   2.1230294104337273        2.4153918767713254        1.2630400688647607     
   2.1291653335852700        2.4119086375845753        1.2582409637965435     
   2.1353012567368124        2.4084505894252350        1.2533944866672000     
   2.1414371798883551        2.4050176969412349        1.2485008199438548     
   2.1475731030398975        2.4016099237585520        1.2435601478702945     
   2.1537090261914402        2.3982272325039546        1.2385726564600295     
   2.1598449493429825        2.3948695848276471        1.2335385334892934     
   2.1659808724945253        2.3915369414258043        1.2284579684899697     
   2.1721167956460681        2.3882292620630103        1.2233311527424595     
   2.1782527187976104        2.3849465055945789        1.2181582792684786     
   2.1843886419491532        2.3816886299887727        1.2129395428237890     
   2.1905245651006955        2.3784555923489039        1.2076751398908683     
   2.1966604882522383        2.3752473489353245        1.2023652686715112     
   2.2027964114037806        2.3720638551872963        1.1970101290793687     
   2.2089323345553233        2.3689050657447455        1.1916099227324186     
   2.2150682577068657        2.3657709344698965        1.1861648529453788     
   2.2212041808584084        2.3626614144687808        1.1806751247220482     
   2.2273401040099512        2.3595764581126266        1.1751409447475922     
   2.2334760271614935        2.3565160170591182        1.1695625213807590     
   2.2396119503130363        2.3534800422735289        1.1639400646460349     
   2.2457478734645786        2.3504684840497285        1.1582737862257393     
   2.2518837966161214        2.3474812920310537        1.1525638994520504     
   2.2580197197676637        2.3445184152310494        1.1468106192989795     
   2.2641556429192065        2.3415798020540808        1.1410141623742713     
   2.2702915660707488        2.3386654003158003        1.1351747469112543     
   2.2764274892222915        2.3357751572634853        1.1292925927606188     
   2.2825634123738339        2.3329090195962379        1.1233679213821450     
   2.2886993355253766        2.3300669334850395        1.1174009558363611     
   2.2948352586769194        2.3272488445926727        1.1113919207761473     
   2.3009711818284617        2.3244546980934948        1.1053410424382784     
   2.3071071049800045        2.3216844386930720        1.0992485486349020     
   2.3132430281315468        2.3189380106476687        1.0931146687449680     
   2.3193789512830896        2.3162153577835927        1.0869396337055861     
   2.3255148744346319        2.3135164235163916        1.0807236760033363     
   2.3316507975861747        2.3108411508699072        1.0744670296655121     
   2.3377867207377170        2.3081894824951750        1.0681699302513128     
   2.3439226438892597        2.3055613606891816        1.0618326148429713     
   2.3500585670408021        2.3029567274134690        1.0554553220368315     
   2.3561944901923448        2.3003755243125874        1.0490382919343619     
   2.3623304133438876        2.2978176927324010        1.0425817661331203     
   2.3684663364954299        2.2952831737382371        1.0360859877176538     
   2.3746022596469727        2.2927719081328859        1.0295512012503474     
   2.3807381827985150        2.2902838364744444        1.0229776527622190     
   2.3868741059500578        2.2878188990940109        1.0163655897436530     
   2.3930100291016001        2.2853770361132186        1.0097152611350857     
   2.3991459522531429        2.2829581874616198        1.0030269173176296     
   2.4052818754046852        2.2805622928939138       0.99630081010365001     
   2.4114177985562280        2.2781892920070139       0.98953719272728113     
   2.4175537217077703        2.2758391242569669       0.98273631983489529     
   2.4236896448593130        2.2735117289757074       0.97589844747551191     
   2.4298255680108558        2.2712070453876603       0.96902383309116102     
   2.4359614911623981        2.2689250126261848       0.96211273550718934     
   2.4420974143139409        2.2666655697498594       0.95516541492251361     
   2.4482333374654832        2.2644286557586111       0.94818213289982811     
   2.4543692606170260        2.2622142096096844       0.94116315235575343     
   2.4605051837685683        2.2600221702334560       0.93410873755094048     
   2.4666411069201111        2.2578524765490835       0.92701915408011848     
   2.4727770300716534        2.2557050674800054       0.91989466886209947     
   2.4789129532231962        2.2535798819692734       0.91273555012972363     
   2.4850488763747385        2.2514768589947334       0.90554206741976628     
   2.4911847995262812        2.2493959375840413       0.89831449156278453     
   2.4973207226778240        2.2473370568295263       0.89105309467292471     
   2.5034566458293663        2.2453001559028891       0.88375815013767622     
   2.5095925689809091        2.2432851740697459       0.87642993260757662     
   2.5157284921324514        2.2412920507040144       0.86906871798587515     
   2.5218644152839942        2.2393207253021341       0.86167478341814063     
   2.5280003384355365        2.2373711374971395       0.85424840728183149     
   2.5341362615870793        2.2354432270725630       0.84678986917581078     
   2.5402721847386216        2.2335369339761888       0.83929944990982386     
   2.5464081078901644        2.2316521983336441       0.83177743149392125     
   2.5525440310417071        2.2297889604618333       0.82422409712784517     
   2.5586799541932495        2.2279471608822154       0.81663973119036626     
   2.5648158773447922        2.2261267403339229       0.80902461922857405     
   2.5709518004963345        2.2243276397867247       0.80137904794713100     
   2.5770877236478773        2.2225498004538307       0.79370330519747356     
   2.5832236467994196        2.2207931638045415       0.78599767996697878     
   2.5893595699509624        2.2190576715767407       0.77826246236808061     
   2.5954954931025047        2.2173432657892311       0.77049794362735025     
   2.6016314162540475        2.2156498887539158       0.76270441607452921     
   2.6077673394055898        2.2139774830878247       0.75488217313152572     
   2.6139032625571326        2.2123259917249842       0.74703150930136442     
   2.6200391857086753        2.2106953579281332       0.73915272015710176     
   2.6261751088602177        2.2090855253002859       0.73124610233069653     
   2.6323110320117604        2.2074964377961410       0.72331195350183997     
   2.6384469551633027        2.2059280397333336       0.71535057238675226     
   2.6445828783148455        2.2043802758035405       0.70736225872693148     
   2.6507188014663878        2.2028530910834290       0.69934731327787292     
   2.6568547246179306        2.2013464310454527       0.69130603779774147     
   2.6629906477694729        2.1998602415684996       0.68323873503601529     
   2.6691265709210157        2.1983944689483863       0.67514570872208268     
   2.6752624940725580        2.1969490599082029       0.66702726355381092     
   2.6813984172241008        2.1955239616085058       0.65888370518607120     
   2.6875343403756435        2.1941191216573639       0.65071534021923383     
   2.6936702635271859        2.1927344881202533       0.64252247618762359     
   2.6998061866787286        2.1913700095298041       0.63430542154793945     
   2.7059421098302709        2.1900256348954001       0.62606448566764550     
   2.7120780329818137        2.1887013137126283       0.61779997881331872     
   2.7182139561333560        2.1873969959725850       0.60951221213897211     
   2.7243498792848988        2.1861126321710316       0.60120149767433562     
   2.7304858024364411        2.1848481733174077       0.59286814831311263     
   2.7366217255879839        2.1836035709436956       0.58451247780119553     
   2.7427576487395262        2.1823787771131431       0.57613480072485768     
   2.7488935718910690        2.1811737444288397       0.56773543249890457     
   2.7550294950426117        2.1799884260421498       0.55931468935480322     
   2.7611654181941541        2.1788227756610019       0.55087288832877435     
   2.7673013413456968        2.1776767475580363       0.54241034724985371     
   2.7734372644972392        2.1765502965786090       0.53392738472793133     
   2.7795731876487819        2.1754433781486564       0.52542432014175056     
   2.7857091108003242        2.1743559482824160       0.51690147362688776     
   2.7918450339518670        2.1732879635900084       0.50835916606369635     
   2.7979809571034093        2.1722393812848795       0.49979771906522902     
   2.8041168802549521        2.1712101591911015       0.49121745496512503     
   2.8102528034064944        2.1702002557505371       0.48261869680547953     
   2.8163887265580372        2.1692096300298647       0.47400176832467578     
   2.8225246497095799        2.1682382417274639       0.46536699394520153     
   2.8286605728611223        2.1672860511801675       0.45671469876143234     
   2.8347964960126650        2.1663530193698732       0.44804520852739038     
   2.8409324191642074        2.1654391079300206       0.43935884964448413     
   2.8470683423157501        2.1645442791519329       0.43065594914921479     
   2.8532042654672924        2.1636684959910228       0.42193683470086835     
   2.8593401886188352        2.1628117220728651       0.41320183456917448     
   2.8654761117703775        2.1619739216991318       0.40445127762195221     
   2.8716120349219203        2.1611550598533977       0.39568549331272374     
   2.8777479580734626        2.1603551022068115       0.38690481166831497     
   2.8838838812250054        2.1595740151236313       0.37810956327642575     
   2.8900198043765482        2.1588117656666341       0.36930007927318753     
   2.8961557275280905        2.1580683216023870       0.36047669133069465     
   2.9022916506796332        2.1573436514063924       0.35163973164451467     
   2.9084275738311756        2.1566377242681005       0.34278953292118658     
   2.9145634969827183        2.1559505100957908       0.33392642836568875     
   2.9206994201342606        2.1552819795213249       0.32505075166889963     
   2.9268353432858034        2.1546321039047696       0.31616283699502890     
   2.9329712664373457        2.1540008553388925       0.30726301896904196     
   2.9391071895888885        2.1533882066535273       0.29835163266405590     
   2.9452431127404308        2.1527941314198107       0.28942901358872974     
   2.9513790358919736        2.1522186039542941       0.28049549767462723     
   2.9575149590435164        2.1516615993229276       0.27155142126357401     
   2.9636508821950587        2.1511230933449133       0.26259712109499234     
   2.9697868053466014        2.1506030625964381       0.25363293429322126     
   2.9759227284981438        2.1501014844142770       0.24465919835482861     
   2.9820586516496865        2.1496183368992710       0.23567625113589918     
   2.9881945748012289        2.1491535989196784       0.22668443083931991     
   2.9943304979527716        2.1487072501144069       0.21768407600204143     
   3.0004664211043139        2.1482792708961118       0.20867552548233770     
   3.0066023442558567        2.1478696424541792       0.19965911844704270     
   3.0127382674073995        2.1474783467575778       0.19063519435878606     
   3.0188741905589418        2.1471053665575921       0.18160409296320990     
   3.0250101137104846        2.1467506853904297       0.17256615427617603     
   3.0311460368620269        2.1464142875797041       0.16352171857096909     
   3.0372819600135696        2.1460961582387998       0.15447112636548019     
   3.0434178831651120        2.1457962832731079       0.14541471840939169     
   3.0495538063166547        2.1455146493821453       0.13635283567134315     
   3.0556897294681971        2.1452512440615470       0.12728581932609923     
   3.0618256526197398        2.1450060556049411       0.11821401074169921     
   3.0679615757712821        2.1447790731056964       0.10913775146661024     
   3.0740974989228249        2.1445702864585545       0.10005738321686285     
   3.0802334220743677        2.1443796863611357        9.0973247863189971E-002
   3.0863693452259100        2.1442072643153267        8.1885687418153996E-002
   3.0925052683774528        2.1440530126285449        7.2795044023268043E-002
   3.0986411915289951        2.1439169244148837        6.3701659936119204E-002
   3.1047771146805379        2.1437989935961359        5.4605877517477433E-002
   3.1109130378320802        2.1436992149026972        4.5508039218411150E-002
   3.1170489609836229        2.1436175838743470        3.6408487567388889E-002
   3.1231848841351653        2.1435540968609130        2.7307565157388532E-002
   3.1293208072867080        2.1435087510228104        1.8205614632993646E-002
   3.1354567304382504        2.1434815443314630        9.1029786774983346E-003
   3.1415926535897931        2.1434724755696060        1.8168421242469963E-016
